0, 1, 2, 3, 4, 5, 6, 7, 8, 9, 10, 11, 12, 13, 14, 15, 16, 17, 18
0, 1, 2, 3, 4, 5, 6, 7, 8, 9, 10, 11, 12, 13, 14, 15, 16, 17, 18
-+-+-+-+-
() : 1406
(0,) : 143
(0, 1) : 7
(0, 1, 2) : 4
(0, 1, 3) : 1
(0, 1, 4) : 1
(0, 1, 6) : 1
(0, 1, 8) : 1
(0, 1, 10) : 4
(0, 1, 11) : 1
(0, 1, 12) : 2
(0, 1, 13) : 8
(0, 1, 16) : 7
(0, 1, 17) : 1
(0, 2) : 26
(0, 2, 1) : 10
(0, 2, 3) : 3
(0, 2, 7) : 2
(0, 2, 8) : 5
(0, 2, 9) : 2
(0, 2, 10) : 18
(0, 2, 11) : 2
(0, 2, 12) : 22
(0, 2, 13) : 8
(0, 2, 16) : 11
(0, 2, 17) : 3
(0, 3) : 6
(0, 3, 2) : 2
(0, 3, 6) : 2
(0, 3, 7) : 1
(0, 3, 8) : 1
(0, 3, 11) : 2
(0, 3, 12) : 1
(0, 3, 13) : 3
(0, 3, 16) : 1
(0, 4) : 2
(0, 4, 11) : 3
(0, 4, 13) : 1
(0, 4, 16) : 1
(0, 6, 3) : 1
(0, 6, 9) : 1
(0, 6, 10) : 1
(0, 6, 12) : 3
(0, 7) : 2
(0, 7, 4) : 2
(0, 7, 10) : 1
(0, 7, 11) : 1
(0, 7, 13) : 1
(0, 7, 16) : 3
(0, 8) : 4
(0, 8, 2) : 2
(0, 8, 4) : 1
(0, 8, 7) : 1
(0, 8, 9) : 1
(0, 8, 13) : 1
(0, 8, 14) : 1
(0, 8, 16) : 1
(0, 9) : 1
(0, 9, 2) : 1
(0, 9, 3) : 1
(0, 9, 6) : 1
(0, 9, 14) : 1
(0, 10) : 10
(0, 10, 1) : 3
(0, 10, 2) : 7
(0, 10, 3) : 4
(0, 10, 4) : 1
(0, 10, 6) : 2
(0, 10, 8) : 4
(0, 10, 11) : 2
(0, 10, 12) : 6
(0, 10, 13) : 6
(0, 10, 16) : 8
(0, 11) : 3
(0, 11, 10) : 1
(0, 11, 13) : 1
(0, 11, 18) : 1
(0, 12) : 24
(0, 12, 1) : 6
(0, 12, 2) : 30
(0, 12, 3) : 5
(0, 12, 4) : 2
(0, 12, 6) : 2
(0, 12, 7) : 1
(0, 12, 8) : 6
(0, 12, 9) : 1
(0, 12, 10) : 16
(0, 12, 13) : 18
(0, 12, 14) : 2
(0, 12, 16) : 16
(0, 12, 18) : 1
(0, 13) : 8
(0, 13, 1) : 3
(0, 13, 2) : 8
(0, 13, 4) : 2
(0, 13, 6) : 1
(0, 13, 8) : 1
(0, 13, 9) : 1
(0, 13, 10) : 2
(0, 13, 12) : 15
(0, 13, 14) : 3
(0, 13, 16) : 23
(0, 14) : 1
(0, 14, 8) : 1
(0, 14, 11) : 1
(0, 16) : 14
(0, 16, 1) : 6
(0, 16, 2) : 19
(0, 16, 3) : 5
(0, 16, 8) : 2
(0, 16, 9) : 2
(0, 16, 10) : 14
(0, 16, 12) : 16
(0, 16, 13) : 12
(0, 16, 14) : 1
(0, 16, 17) : 3
(0, 17, 3) : 1
(0, 17, 8) : 1
(0, 17, 11) : 1
(0, 17, 18) : 1
(0, 18) : 1
(0, 18, 2) : 1
(1,) : 151
(1, 0) : 7
(1, 0, 2) : 6
(1, 0, 3) : 3
(1, 0, 6) : 1
(1, 0, 8) : 1
(1, 0, 10) : 3
(1, 0, 12) : 3
(1, 0, 13) : 16
(1, 0, 14) : 3
(1, 0, 16) : 11
(1, 2) : 12
(1, 2, 0) : 4
(1, 2, 3) : 3
(1, 2, 6) : 3
(1, 2, 7) : 1
(1, 2, 8) : 1
(1, 2, 9) : 1
(1, 2, 10) : 10
(1, 2, 12) : 16
(1, 2, 13) : 12
(1, 2, 16) : 8
(1, 2, 17) : 3
(1, 2, 18) : 1
(1, 3) : 3
(1, 3, 0) : 2
(1, 3, 2) : 2
(1, 3, 4) : 1
(1, 3, 6) : 2
(1, 3, 10) : 1
(1, 3, 12) : 2
(1, 3, 16) : 3
(1, 3, 17) : 1
(1, 4) : 4
(1, 4, 2) : 1
(1, 4, 6) : 2
(1, 4, 9) : 1
(1, 4, 10) : 1
(1, 4, 14) : 2
(1, 4, 16) : 2
(1, 4, 17) : 1
(1, 4, 18) : 1
(1, 6) : 4
(1, 6, 2) : 1
(1, 6, 11) : 1
(1, 6, 13) : 1
(1, 6, 16) : 1
(1, 7, 0) : 1
(1, 7, 2) : 2
(1, 7, 3) : 1
(1, 7, 6) : 1
(1, 7, 11) : 1
(1, 7, 12) : 1
(1, 7, 13) : 1
(1, 7, 14) : 1
(1, 7, 16) : 1
(1, 7, 17) : 1
(1, 8) : 1
(1, 8, 2) : 2
(1, 8, 3) : 1
(1, 8, 4) : 1
(1, 8, 6) : 1
(1, 8, 9) : 1
(1, 8, 10) : 1
(1, 8, 12) : 1
(1, 8, 13) : 2
(1, 9, 0) : 1
(1, 9, 2) : 1
(1, 9, 16) : 1
(1, 10) : 12
(1, 10, 0) : 3
(1, 10, 2) : 22
(1, 10, 3) : 1
(1, 10, 4) : 3
(1, 10, 7) : 2
(1, 10, 8) : 3
(1, 10, 11) : 1
(1, 10, 12) : 16
(1, 10, 13) : 15
(1, 10, 16) : 27
(1, 11) : 1
(1, 11, 3) : 1
(1, 11, 4) : 1
(1, 11, 9) : 1
(1, 11, 13) : 1
(1, 11, 17) : 1
(1, 11, 18) : 1
(1, 12) : 9
(1, 12, 0) : 9
(1, 12, 2) : 20
(1, 12, 3) : 5
(1, 12, 4) : 1
(1, 12, 6) : 1
(1, 12, 7) : 5
(1, 12, 8) : 3
(1, 12, 9) : 1
(1, 12, 10) : 22
(1, 12, 11) : 3
(1, 12, 13) : 11
(1, 12, 16) : 4
(1, 13) : 13
(1, 13, 0) : 4
(1, 13, 2) : 4
(1, 13, 3) : 3
(1, 13, 6) : 1
(1, 13, 7) : 4
(1, 13, 10) : 21
(1, 13, 11) : 1
(1, 13, 12) : 12
(1, 13, 14) : 2
(1, 13, 16) : 17
(1, 13, 17) : 1
(1, 14) : 2
(1, 14, 2) : 1
(1, 14, 10) : 1
(1, 14, 11) : 1
(1, 14, 16) : 3
(1, 16) : 15
(1, 16, 0) : 6
(1, 16, 2) : 12
(1, 16, 3) : 2
(1, 16, 4) : 5
(1, 16, 6) : 2
(1, 16, 7) : 2
(1, 16, 8) : 6
(1, 16, 10) : 31
(1, 16, 11) : 3
(1, 16, 12) : 12
(1, 16, 13) : 7
(1, 16, 14) : 3
(1, 17) : 3
(1, 17, 2) : 1
(1, 17, 11) : 1
(1, 17, 13) : 1
(1, 17, 16) : 1
(1, 18) : 1
(2,) : 3202
(2, 0) : 48
(2, 0, 1) : 23
(2, 0, 3) : 18
(2, 0, 4) : 2
(2, 0, 6) : 6
(2, 0, 7) : 6
(2, 0, 8) : 16
(2, 0, 9) : 2
(2, 0, 10) : 40
(2, 0, 11) : 5
(2, 0, 12) : 58
(2, 0, 13) : 32
(2, 0, 14) : 1
(2, 0, 16) : 58
(2, 0, 17) : 4
(2, 0, 18) : 2
(2, 1) : 75
(2, 1, 0) : 41
(2, 1, 3) : 12
(2, 1, 4) : 5
(2, 1, 6) : 4
(2, 1, 7) : 9
(2, 1, 8) : 9
(2, 1, 9) : 1
(2, 1, 10) : 39
(2, 1, 11) : 5
(2, 1, 12) : 66
(2, 1, 13) : 29
(2, 1, 14) : 5
(2, 1, 16) : 47
(2, 1, 17) : 4
(2, 3) : 34
(2, 3, 0) : 4
(2, 3, 1) : 5
(2, 3, 4) : 8
(2, 3, 6) : 23
(2, 3, 7) : 4
(2, 3, 8) : 1
(2, 3, 9) : 5
(2, 3, 10) : 8
(2, 3, 11) : 6
(2, 3, 12) : 12
(2, 3, 13) : 4
(2, 3, 14) : 2
(2, 3, 16) : 11
(2, 3, 17) : 1
(2, 4) : 14
(2, 4, 0) : 3
(2, 4, 1) : 1
(2, 4, 3) : 8
(2, 4, 6) : 3
(2, 4, 7) : 8
(2, 4, 8) : 7
(2, 4, 9) : 7
(2, 4, 10) : 6
(2, 4, 11) : 7
(2, 4, 13) : 6
(2, 4, 14) : 1
(2, 4, 16) : 5
(2, 6) : 10
(2, 6, 0) : 5
(2, 6, 1) : 1
(2, 6, 3) : 6
(2, 6, 4) : 1
(2, 6, 7) : 2
(2, 6, 8) : 1
(2, 6, 9) : 3
(2, 6, 10) : 3
(2, 6, 12) : 4
(2, 6, 14) : 4
(2, 6, 16) : 3
(2, 6, 17) : 2
(2, 7) : 27
(2, 7, 0) : 4
(2, 7, 1) : 7
(2, 7, 3) : 14
(2, 7, 4) : 4
(2, 7, 6) : 5
(2, 7, 8) : 2
(2, 7, 9) : 2
(2, 7, 10) : 13
(2, 7, 12) : 10
(2, 7, 13) : 5
(2, 7, 14) : 2
(2, 7, 16) : 13
(2, 7, 17) : 3
(2, 7, 18) : 2
(2, 8) : 33
(2, 8, 0) : 15
(2, 8, 1) : 16
(2, 8, 3) : 11
(2, 8, 4) : 5
(2, 8, 6) : 4
(2, 8, 7) : 6
(2, 8, 9) : 1
(2, 8, 10) : 75
(2, 8, 11) : 2
(2, 8, 12) : 31
(2, 8, 13) : 13
(2, 8, 14) : 3
(2, 8, 16) : 33
(2, 8, 17) : 4
(2, 8, 18) : 1
(2, 9) : 5
(2, 9, 1) : 2
(2, 9, 3) : 6
(2, 9, 4) : 2
(2, 9, 6) : 3
(2, 9, 7) : 2
(2, 9, 10) : 1
(2, 9, 11) : 1
(2, 9, 12) : 3
(2, 9, 13) : 1
(2, 9, 14) : 1
(2, 9, 16) : 1
(2, 10) : 669
(2, 10, 0) : 73
(2, 10, 1) : 80
(2, 10, 3) : 66
(2, 10, 4) : 16
(2, 10, 6) : 18
(2, 10, 7) : 31
(2, 10, 8) : 141
(2, 10, 9) : 6
(2, 10, 11) : 9
(2, 10, 12) : 848
(2, 10, 13) : 671
(2, 10, 14) : 12
(2, 10, 16) : 1188
(2, 10, 17) : 6
(2, 10, 18) : 8
(2, 11) : 7
(2, 11, 0) : 4
(2, 11, 1) : 2
(2, 11, 3) : 4
(2, 11, 4) : 5
(2, 11, 6) : 3
(2, 11, 7) : 2
(2, 11, 9) : 2
(2, 11, 10) : 4
(2, 11, 12) : 5
(2, 11, 13) : 1
(2, 11, 14) : 3
(2, 11, 16) : 6
(2, 12) : 502
(2, 12, 0) : 131
(2, 12, 1) : 131
(2, 12, 3) : 58
(2, 12, 4) : 7
(2, 12, 6) : 19
(2, 12, 7) : 18
(2, 12, 8) : 59
(2, 12, 9) : 10
(2, 12, 10) : 792
(2, 12, 11) : 10
(2, 12, 13) : 1466
(2, 12, 14) : 9
(2, 12, 16) : 481
(2, 12, 17) : 4
(2, 12, 18) : 9
(2, 13) : 578
(2, 13, 0) : 58
(2, 13, 1) : 59
(2, 13, 3) : 34
(2, 13, 4) : 5
(2, 13, 6) : 16
(2, 13, 7) : 17
(2, 13, 8) : 16
(2, 13, 9) : 6
(2, 13, 10) : 838
(2, 13, 11) : 11
(2, 13, 12) : 1908
(2, 13, 14) : 5
(2, 13, 16) : 436
(2, 13, 17) : 8
(2, 13, 18) : 5
(2, 14) : 7
(2, 14, 0) : 1
(2, 14, 1) : 2
(2, 14, 3) : 4
(2, 14, 4) : 4
(2, 14, 6) : 5
(2, 14, 7) : 2
(2, 14, 8) : 1
(2, 14, 9) : 4
(2, 14, 11) : 3
(2, 14, 16) : 4
(2, 16) : 537
(2, 16, 0) : 110
(2, 16, 1) : 73
(2, 16, 3) : 60
(2, 16, 4) : 11
(2, 16, 6) : 27
(2, 16, 7) : 24
(2, 16, 8) : 50
(2, 16, 9) : 8
(2, 16, 10) : 940
(2, 16, 11) : 16
(2, 16, 12) : 456
(2, 16, 13) : 378
(2, 16, 14) : 11
(2, 16, 17) : 13
(2, 16, 18) : 4
(2, 17) : 4
(2, 17, 0) : 2
(2, 17, 1) : 2
(2, 17, 3) : 3
(2, 17, 7) : 2
(2, 17, 8) : 2
(2, 17, 10) : 2
(2, 17, 13) : 2
(2, 17, 14) : 1
(2, 17, 16) : 5
(2, 18) : 20
(2, 18, 7) : 1
(2, 18, 12) : 1
(3,) : 88
(3, 0) : 4
(3, 0, 1) : 1
(3, 0, 2) : 3
(3, 0, 6) : 2
(3, 0, 7) : 1
(3, 0, 9) : 1
(3, 0, 10) : 2
(3, 0, 11) : 1
(3, 0, 12) : 2
(3, 0, 13) : 2
(3, 0, 16) : 3
(3, 1) : 1
(3, 1, 0) : 1
(3, 1, 2) : 1
(3, 1, 10) : 1
(3, 1, 12) : 2
(3, 1, 13) : 1
(3, 1, 16) : 3
(3, 1, 18) : 1
(3, 2) : 5
(3, 2, 0) : 6
(3, 2, 1) : 1
(3, 2, 6) : 1
(3, 2, 8) : 1
(3, 2, 10) : 2
(3, 2, 12) : 3
(3, 2, 13) : 6
(3, 2, 16) : 4
(3, 4, 6) : 1
(3, 4, 7) : 2
(3, 4, 9) : 2
(3, 4, 10) : 3
(3, 4, 11) : 8
(3, 4, 14) : 1
(3, 4, 16) : 2
(3, 6) : 3
(3, 6, 0) : 1
(3, 6, 1) : 2
(3, 6, 2) : 3
(3, 6, 4) : 5
(3, 6, 7) : 3
(3, 6, 9) : 3
(3, 6, 10) : 3
(3, 6, 11) : 3
(3, 6, 13) : 2
(3, 6, 14) : 2
(3, 6, 16) : 1
(3, 7, 1) : 2
(3, 7, 2) : 3
(3, 7, 4) : 2
(3, 7, 6) : 1
(3, 7, 8) : 1
(3, 7, 9) : 3
(3, 7, 10) : 3
(3, 7, 11) : 4
(3, 7, 12) : 1
(3, 7, 13) : 1
(3, 7, 14) : 1
(3, 7, 16) : 4
(3, 8, 2) : 1
(3, 8, 6) : 1
(3, 8, 13) : 1
(3, 8, 17) : 1
(3, 9) : 2
(3, 9, 4) : 3
(3, 9, 6) : 3
(3, 9, 7) : 3
(3, 9, 8) : 1
(3, 9, 10) : 1
(3, 9, 11) : 3
(3, 9, 14) : 2
(3, 9, 17) : 1
(3, 10) : 3
(3, 10, 1) : 3
(3, 10, 2) : 9
(3, 10, 4) : 1
(3, 10, 6) : 2
(3, 10, 7) : 2
(3, 10, 8) : 1
(3, 10, 9) : 2
(3, 10, 11) : 3
(3, 10, 12) : 4
(3, 10, 13) : 1
(3, 10, 16) : 9
(3, 11) : 3
(3, 11, 0) : 1
(3, 11, 1) : 1
(3, 11, 2) : 2
(3, 11, 4) : 1
(3, 11, 6) : 5
(3, 11, 7) : 1
(3, 11, 8) : 1
(3, 11, 9) : 3
(3, 11, 10) : 5
(3, 11, 12) : 1
(3, 11, 13) : 1
(3, 11, 14) : 4
(3, 11, 16) : 2
(3, 12) : 1
(3, 12, 1) : 3
(3, 12, 2) : 4
(3, 12, 4) : 1
(3, 12, 6) : 1
(3, 12, 7) : 1
(3, 12, 8) : 1
(3, 12, 10) : 2
(3, 12, 13) : 8
(3, 12, 16) : 4
(3, 12, 17) : 1
(3, 12, 18) : 1
(3, 13) : 1
(3, 13, 0) : 1
(3, 13, 2) : 6
(3, 13, 6) : 2
(3, 13, 10) : 5
(3, 13, 11) : 2
(3, 13, 12) : 4
(3, 13, 16) : 7
(3, 14) : 1
(3, 14, 4) : 1
(3, 14, 6) : 1
(3, 14, 7) : 1
(3, 14, 9) : 2
(3, 14, 10) : 1
(3, 14, 11) : 5
(3, 14, 12) : 1
(3, 14, 17) : 1
(3, 16) : 5
(3, 16, 0) : 3
(3, 16, 1) : 2
(3, 16, 2) : 3
(3, 16, 4) : 2
(3, 16, 6) : 1
(3, 16, 7) : 2
(3, 16, 8) : 1
(3, 16, 9) : 2
(3, 16, 10) : 14
(3, 16, 11) : 1
(3, 16, 12) : 2
(3, 16, 13) : 3
(3, 16, 17) : 1
(3, 17, 2) : 1
(3, 17, 9) : 1
(3, 17, 11) : 1
(3, 17, 14) : 2
(3, 18, 9) : 1
(4,) : 328
(4, 0) : 1
(4, 0, 1) : 2
(4, 0, 3) : 1
(4, 0, 10) : 2
(4, 0, 11) : 1
(4, 0, 12) : 1
(4, 0, 16) : 2
(4, 1) : 2
(4, 1, 0) : 2
(4, 1, 3) : 2
(4, 1, 6) : 1
(4, 1, 9) : 1
(4, 1, 10) : 5
(4, 1, 11) : 2
(4, 1, 13) : 1
(4, 1, 14) : 2
(4, 1, 16) : 8
(4, 2) : 17
(4, 2, 3) : 2
(4, 2, 6) : 1
(4, 2, 7) : 1
(4, 2, 8) : 5
(4, 2, 9) : 2
(4, 2, 10) : 12
(4, 2, 11) : 1
(4, 2, 12) : 3
(4, 2, 13) : 2
(4, 2, 16) : 4
(4, 2, 18) : 2
(4, 3) : 10
(4, 3, 0) : 1
(4, 3, 1) : 1
(4, 3, 2) : 1
(4, 3, 6) : 7
(4, 3, 9) : 7
(4, 3, 10) : 4
(4, 3, 11) : 16
(4, 3, 13) : 2
(4, 3, 14) : 3
(4, 3, 16) : 4
(4, 3, 18) : 3
(4, 6) : 2
(4, 6, 1) : 1
(4, 6, 2) : 1
(4, 6, 3) : 7
(4, 6, 7) : 1
(4, 6, 8) : 1
(4, 6, 9) : 3
(4, 6, 10) : 4
(4, 6, 11) : 10
(4, 6, 12) : 2
(4, 6, 14) : 3
(4, 6, 16) : 1
(4, 6, 17) : 1
(4, 7) : 1
(4, 7, 0) : 1
(4, 7, 1) : 1
(4, 7, 3) : 2
(4, 7, 8) : 1
(4, 7, 9) : 2
(4, 7, 10) : 1
(4, 7, 11) : 1
(4, 7, 13) : 1
(4, 7, 14) : 3
(4, 8) : 3
(4, 8, 2) : 2
(4, 8, 7) : 1
(4, 8, 14) : 3
(4, 8, 16) : 2
(4, 9) : 6
(4, 9, 3) : 4
(4, 9, 6) : 1
(4, 9, 7) : 1
(4, 9, 10) : 6
(4, 9, 11) : 7
(4, 9, 12) : 1
(4, 9, 14) : 6
(4, 9, 16) : 3
(4, 9, 17) : 2
(4, 9, 18) : 3
(4, 10) : 15
(4, 10, 0) : 2
(4, 10, 1) : 2
(4, 10, 2) : 15
(4, 10, 3) : 9
(4, 10, 6) : 2
(4, 10, 7) : 2
(4, 10, 8) : 4
(4, 10, 9) : 2
(4, 10, 11) : 4
(4, 10, 12) : 6
(4, 10, 13) : 4
(4, 10, 16) : 33
(4, 10, 17) : 1
(4, 10, 18) : 1
(4, 11) : 65
(4, 11, 0) : 1
(4, 11, 1) : 3
(4, 11, 2) : 6
(4, 11, 3) : 17
(4, 11, 6) : 20
(4, 11, 9) : 21
(4, 11, 10) : 8
(4, 11, 12) : 3
(4, 11, 13) : 2
(4, 11, 14) : 36
(4, 11, 16) : 11
(4, 11, 17) : 5
(4, 11, 18) : 13
(4, 12) : 1
(4, 12, 2) : 1
(4, 12, 3) : 2
(4, 12, 8) : 1
(4, 12, 10) : 3
(4, 12, 11) : 1
(4, 12, 13) : 2
(4, 12, 14) : 1
(4, 12, 16) : 2
(4, 13) : 8
(4, 13, 0) : 1
(4, 13, 2) : 4
(4, 13, 3) : 1
(4, 13, 6) : 2
(4, 13, 9) : 1
(4, 13, 10) : 3
(4, 13, 11) : 2
(4, 13, 12) : 2
(4, 13, 14) : 1
(4, 13, 16) : 10
(4, 13, 17) : 2
(4, 14) : 12
(4, 14, 2) : 2
(4, 14, 3) : 3
(4, 14, 6) : 6
(4, 14, 7) : 1
(4, 14, 9) : 9
(4, 14, 10) : 2
(4, 14, 11) : 27
(4, 14, 12) : 1
(4, 14, 13) : 1
(4, 14, 16) : 6
(4, 14, 17) : 3
(4, 14, 18) : 2
(4, 16) : 36
(4, 16, 0) : 3
(4, 16, 1) : 6
(4, 16, 2) : 12
(4, 16, 3) : 8
(4, 16, 6) : 7
(4, 16, 8) : 2
(4, 16, 9) : 4
(4, 16, 10) : 51
(4, 16, 11) : 21
(4, 16, 12) : 4
(4, 16, 13) : 3
(4, 16, 14) : 9
(4, 16, 17) : 3
(4, 16, 18) : 3
(4, 17) : 4
(4, 17, 3) : 1
(4, 17, 6) : 1
(4, 17, 7) : 2
(4, 17, 9) : 1
(4, 17, 10) : 1
(4, 17, 11) : 1
(4, 17, 13) : 1
(4, 17, 14) : 3
(4, 17, 16) : 1
(4, 18) : 26
(4, 18, 10) : 1
(4, 18, 11) : 2
(5, 12, 13) : 1
(6,) : 64
(6, 0, 3) : 1
(6, 0, 7) : 1
(6, 0, 9) : 1
(6, 0, 13) : 2
(6, 0, 17) : 1
(6, 1) : 1
(6, 1, 0) : 2
(6, 1, 2) : 1
(6, 1, 7) : 1
(6, 1, 16) : 2
(6, 2, 0) : 2
(6, 2, 7) : 1
(6, 2, 10) : 2
(6, 2, 13) : 2
(6, 2, 16) : 2
(6, 3) : 2
(6, 3, 0) : 1
(6, 3, 1) : 1
(6, 3, 2) : 1
(6, 3, 4) : 2
(6, 3, 7) : 2
(6, 3, 8) : 1
(6, 3, 9) : 4
(6, 3, 10) : 2
(6, 3, 11) : 1
(6, 3, 12) : 2
(6, 3, 14) : 2
(6, 3, 16) : 1
(6, 4) : 3
(6, 4, 0) : 1
(6, 4, 11) : 2
(6, 4, 12) : 1
(6, 4, 14) : 1
(6, 7, 0) : 1
(6, 7, 1) : 1
(6, 7, 3) : 1
(6, 7, 4) : 1
(6, 7, 14) : 2
(6, 7, 17) : 1
(6, 8) : 2
(6, 8, 0) : 1
(6, 8, 2) : 1
(6, 8, 9) : 1
(6, 9, 2) : 1
(6, 9, 3) : 3
(6, 9, 11) : 1
(6, 9, 14) : 1
(6, 9, 16) : 2
(6, 10) : 5
(6, 10, 1) : 2
(6, 10, 2) : 5
(6, 10, 3) : 3
(6, 10, 4) : 1
(6, 10, 7) : 1
(6, 10, 12) : 2
(6, 10, 13) : 2
(6, 10, 16) : 4
(6, 11, 1) : 1
(6, 11, 3) : 2
(6, 11, 9) : 1
(6, 11, 17) : 1
(6, 12) : 2
(6, 12, 1) : 1
(6, 12, 7) : 1
(6, 12, 10) : 3
(6, 12, 13) : 1
(6, 12, 16) : 2
(6, 13) : 1
(6, 13, 1) : 1
(6, 13, 2) : 2
(6, 13, 4) : 1
(6, 13, 10) : 3
(6, 13, 12) : 2
(6, 13, 17) : 1
(6, 14) : 1
(6, 14, 10) : 1
(6, 14, 11) : 2
(6, 14, 13) : 1
(6, 16) : 1
(6, 16, 0) : 1
(6, 16, 1) : 1
(6, 16, 2) : 4
(6, 16, 3) : 2
(6, 16, 4) : 1
(6, 16, 10) : 8
(6, 16, 12) : 2
(6, 16, 18) : 1
(6, 17) : 2
(6, 17, 2) : 1
(6, 17, 9) : 1
(6, 17, 10) : 1
(6, 17, 12) : 1
(6, 18) : 1
(7,) : 72
(7, 0) : 1
(7, 0, 10) : 1
(7, 0, 12) : 2
(7, 0, 13) : 3
(7, 0, 14) : 2
(7, 1) : 3
(7, 1, 0) : 2
(7, 1, 2) : 4
(7, 1, 8) : 1
(7, 1, 11) : 3
(7, 1, 12) : 5
(7, 1, 13) : 1
(7, 1, 14) : 1
(7, 2) : 5
(7, 2, 0) : 3
(7, 2, 1) : 3
(7, 2, 3) : 9
(7, 2, 4) : 1
(7, 2, 6) : 4
(7, 2, 8) : 2
(7, 2, 10) : 4
(7, 2, 11) : 3
(7, 2, 12) : 12
(7, 2, 13) : 1
(7, 2, 14) : 1
(7, 2, 16) : 6
(7, 3) : 9
(7, 3, 1) : 1
(7, 3, 6) : 4
(7, 3, 9) : 2
(7, 3, 10) : 3
(7, 3, 12) : 2
(7, 3, 13) : 4
(7, 3, 14) : 1
(7, 3, 16) : 1
(7, 3, 17) : 2
(7, 3, 18) : 1
(7, 4) : 1
(7, 4, 3) : 2
(7, 4, 11) : 1
(7, 4, 13) : 1
(7, 4, 14) : 2
(7, 4, 16) : 1
(7, 6) : 3
(7, 6, 2) : 1
(7, 6, 3) : 4
(7, 6, 11) : 1
(7, 6, 12) : 2
(7, 8, 0) : 1
(7, 8, 3) : 1
(7, 8, 10) : 1
(7, 8, 13) : 1
(7, 9) : 1
(7, 9, 2) : 1
(7, 9, 3) : 2
(7, 9, 4) : 3
(7, 9, 6) : 1
(7, 9, 13) : 1
(7, 9, 17) : 1
(7, 10) : 5
(7, 10, 1) : 1
(7, 10, 2) : 5
(7, 10, 3) : 1
(7, 10, 6) : 1
(7, 10, 8) : 2
(7, 10, 12) : 9
(7, 10, 13) : 3
(7, 10, 16) : 2
(7, 10, 18) : 1
(7, 11) : 1
(7, 11, 0) : 1
(7, 11, 1) : 1
(7, 11, 2) : 1
(7, 11, 4) : 1
(7, 11, 13) : 2
(7, 11, 16) : 1
(7, 11, 18) : 1
(7, 12) : 10
(7, 12, 0) : 1
(7, 12, 1) : 7
(7, 12, 2) : 14
(7, 12, 3) : 5
(7, 12, 6) : 2
(7, 12, 10) : 10
(7, 12, 11) : 1
(7, 12, 13) : 25
(7, 12, 14) : 1
(7, 12, 16) : 6
(7, 12, 18) : 1
(7, 13) : 4
(7, 13, 0) : 1
(7, 13, 1) : 1
(7, 13, 2) : 15
(7, 13, 3) : 6
(7, 13, 4) : 1
(7, 13, 8) : 1
(7, 13, 9) : 3
(7, 13, 10) : 14
(7, 13, 12) : 30
(7, 13, 16) : 6
(7, 13, 17) : 3
(7, 14) : 2
(7, 14, 2) : 1
(7, 14, 3) : 3
(7, 14, 4) : 1
(7, 14, 6) : 2
(7, 14, 8) : 1
(7, 14, 9) : 1
(7, 14, 10) : 1
(7, 14, 16) : 1
(7, 16) : 3
(7, 16, 1) : 1
(7, 16, 2) : 7
(7, 16, 3) : 2
(7, 16, 4) : 1
(7, 16, 8) : 1
(7, 16, 10) : 3
(7, 16, 12) : 4
(7, 16, 13) : 2
(7, 16, 14) : 3
(7, 17, 2) : 3
(7, 17, 6) : 2
(7, 17, 8) : 1
(7, 17, 9) : 1
(7, 17, 13) : 4
(7, 18, 16) : 1
(8,) : 80
(8, 0) : 3
(8, 0, 1) : 1
(8, 0, 2) : 1
(8, 0, 3) : 2
(8, 0, 6) : 1
(8, 0, 9) : 1
(8, 0, 10) : 2
(8, 0, 13) : 1
(8, 0, 16) : 1
(8, 1) : 2
(8, 1, 0) : 1
(8, 1, 2) : 2
(8, 1, 13) : 2
(8, 1, 16) : 1
(8, 2) : 10
(8, 2, 0) : 4
(8, 2, 1) : 7
(8, 2, 3) : 5
(8, 2, 4) : 3
(8, 2, 6) : 2
(8, 2, 7) : 3
(8, 2, 9) : 1
(8, 2, 10) : 14
(8, 2, 11) : 1
(8, 2, 12) : 4
(8, 2, 13) : 3
(8, 2, 16) : 10
(8, 3) : 1
(8, 3, 0) : 2
(8, 3, 1) : 1
(8, 3, 7) : 1
(8, 3, 10) : 2
(8, 3, 12) : 2
(8, 3, 13) : 1
(8, 3, 16) : 1
(8, 3, 17) : 3
(8, 4) : 2
(8, 4, 1) : 1
(8, 4, 14) : 2
(8, 4, 16) : 1
(8, 4, 17) : 1
(8, 6, 0) : 1
(8, 6, 1) : 1
(8, 7, 1) : 1
(8, 7, 2) : 2
(8, 7, 3) : 2
(8, 7, 10) : 1
(8, 7, 16) : 2
(8, 7, 17) : 2
(8, 9, 2) : 1
(8, 9, 14) : 1
(8, 9, 16) : 1
(8, 9, 17) : 1
(8, 10) : 7
(8, 10, 0) : 2
(8, 10, 2) : 11
(8, 10, 3) : 2
(8, 10, 6) : 2
(8, 10, 7) : 2
(8, 10, 9) : 1
(8, 10, 12) : 8
(8, 10, 13) : 1
(8, 10, 16) : 10
(8, 11) : 1
(8, 11, 2) : 1
(8, 11, 3) : 1
(8, 12) : 4
(8, 12, 0) : 1
(8, 12, 2) : 3
(8, 12, 7) : 1
(8, 12, 10) : 3
(8, 12, 11) : 1
(8, 12, 16) : 1
(8, 13) : 1
(8, 13, 0) : 2
(8, 13, 2) : 3
(8, 13, 3) : 2
(8, 13, 7) : 1
(8, 13, 10) : 2
(8, 13, 11) : 1
(8, 13, 12) : 2
(8, 13, 14) : 1
(8, 13, 16) : 3
(8, 14) : 2
(8, 14, 0) : 1
(8, 14, 2) : 1
(8, 14, 4) : 2
(8, 14, 11) : 1
(8, 16) : 1
(8, 16, 0) : 4
(8, 16, 1) : 1
(8, 16, 2) : 7
(8, 16, 4) : 1
(8, 16, 7) : 1
(8, 16, 10) : 6
(8, 16, 12) : 4
(8, 16, 13) : 5
(8, 16, 14) : 1
(8, 16, 17) : 1
(8, 17) : 2
(8, 17, 0) : 3
(8, 17, 1) : 1
(8, 17, 10) : 1
(8, 17, 12) : 1
(8, 17, 16) : 1
(8, 18, 3) : 1
(9,) : 25
(9, 0) : 1
(9, 0, 3) : 1
(9, 1, 0) : 1
(9, 1, 10) : 1
(9, 1, 11) : 1
(9, 1, 12) : 1
(9, 1, 13) : 1
(9, 1, 17) : 1
(9, 2, 3) : 1
(9, 2, 8) : 1
(9, 2, 12) : 1
(9, 2, 13) : 2
(9, 2, 16) : 1
(9, 3) : 1
(9, 3, 4) : 1
(9, 3, 6) : 2
(9, 3, 7) : 1
(9, 3, 11) : 1
(9, 3, 13) : 1
(9, 3, 16) : 2
(9, 3, 17) : 1
(9, 4) : 1
(9, 4, 0) : 1
(9, 4, 2) : 2
(9, 4, 3) : 1
(9, 4, 7) : 1
(9, 4, 10) : 1
(9, 4, 11) : 3
(9, 4, 16) : 1
(9, 6, 3) : 2
(9, 6, 4) : 1
(9, 8, 3) : 1
(9, 10, 2) : 1
(9, 10, 3) : 1
(9, 10, 4) : 1
(9, 10, 13) : 1
(9, 10, 16) : 5
(9, 11) : 1
(9, 11, 4) : 1
(9, 11, 7) : 1
(9, 11, 10) : 1
(9, 11, 13) : 1
(9, 12, 2) : 1
(9, 12, 4) : 1
(9, 12, 13) : 2
(9, 12, 16) : 1
(9, 12, 17) : 1
(9, 13, 8) : 1
(9, 13, 10) : 2
(9, 13, 12) : 1
(9, 13, 16) : 2
(9, 14) : 3
(9, 14, 2) : 1
(9, 14, 3) : 1
(9, 14, 4) : 1
(9, 14, 6) : 1
(9, 14, 7) : 1
(9, 14, 10) : 1
(9, 14, 11) : 1
(9, 16) : 2
(9, 16, 0) : 1
(9, 16, 1) : 1
(9, 16, 2) : 1
(9, 16, 3) : 2
(9, 16, 6) : 1
(9, 16, 7) : 1
(9, 16, 10) : 2
(9, 17) : 1
(9, 17, 1) : 1
(9, 17, 3) : 4
(9, 17, 11) : 1
(9, 17, 16) : 1
(10,) : 4648
(10, 0) : 30
(10, 0, 1) : 11
(10, 0, 2) : 35
(10, 0, 3) : 13
(10, 0, 4) : 2
(10, 0, 6) : 4
(10, 0, 7) : 5
(10, 0, 8) : 10
(10, 0, 9) : 2
(10, 0, 11) : 4
(10, 0, 12) : 29
(10, 0, 13) : 22
(10, 0, 14) : 4
(10, 0, 16) : 57
(10, 0, 17) : 4
(10, 0, 18) : 1
(10, 1) : 60
(10, 1, 0) : 13
(10, 1, 2) : 48
(10, 1, 3) : 18
(10, 1, 4) : 10
(10, 1, 6) : 8
(10, 1, 7) : 5
(10, 1, 8) : 7
(10, 1, 9) : 1
(10, 1, 11) : 7
(10, 1, 12) : 56
(10, 1, 13) : 33
(10, 1, 14) : 5
(10, 1, 16) : 72
(10, 1, 18) : 4
(10, 2) : 822
(10, 2, 0) : 58
(10, 2, 1) : 104
(10, 2, 3) : 81
(10, 2, 4) : 30
(10, 2, 6) : 21
(10, 2, 7) : 35
(10, 2, 8) : 101
(10, 2, 9) : 8
(10, 2, 11) : 20
(10, 2, 12) : 761
(10, 2, 13) : 677
(10, 2, 14) : 6
(10, 2, 16) : 1418
(10, 2, 17) : 12
(10, 2, 18) : 12
(10, 3) : 43
(10, 3, 0) : 6
(10, 3, 1) : 4
(10, 3, 2) : 14
(10, 3, 4) : 5
(10, 3, 6) : 27
(10, 3, 7) : 8
(10, 3, 8) : 7
(10, 3, 9) : 5
(10, 3, 11) : 17
(10, 3, 12) : 8
(10, 3, 13) : 11
(10, 3, 14) : 5
(10, 3, 16) : 24
(10, 3, 17) : 3
(10, 3, 18) : 3
(10, 4) : 42
(10, 4, 0) : 1
(10, 4, 1) : 7
(10, 4, 2) : 9
(10, 4, 3) : 23
(10, 4, 6) : 8
(10, 4, 7) : 4
(10, 4, 8) : 7
(10, 4, 9) : 2
(10, 4, 11) : 18
(10, 4, 12) : 10
(10, 4, 13) : 10
(10, 4, 14) : 5
(10, 4, 16) : 28
(10, 4, 17) : 1
(10, 4, 18) : 2
(10, 6) : 16
(10, 6, 0) : 5
(10, 6, 1) : 1
(10, 6, 2) : 3
(10, 6, 3) : 16
(10, 6, 4) : 2
(10, 6, 7) : 2
(10, 6, 8) : 1
(10, 6, 9) : 2
(10, 6, 11) : 1
(10, 6, 12) : 3
(10, 6, 13) : 6
(10, 6, 14) : 3
(10, 6, 16) : 7
(10, 7) : 13
(10, 7, 0) : 1
(10, 7, 1) : 3
(10, 7, 2) : 12
(10, 7, 3) : 13
(10, 7, 4) : 3
(10, 7, 6) : 4
(10, 7, 8) : 6
(10, 7, 11) : 2
(10, 7, 12) : 6
(10, 7, 13) : 8
(10, 7, 14) : 2
(10, 7, 16) : 12
(10, 7, 17) : 5
(10, 8) : 34
(10, 8, 0) : 12
(10, 8, 1) : 8
(10, 8, 2) : 69
(10, 8, 3) : 18
(10, 8, 4) : 11
(10, 8, 6) : 3
(10, 8, 7) : 5
(10, 8, 9) : 3
(10, 8, 11) : 5
(10, 8, 12) : 34
(10, 8, 13) : 26
(10, 8, 14) : 5
(10, 8, 16) : 53
(10, 8, 17) : 2
(10, 8, 18) : 1
(10, 9) : 4
(10, 9, 0) : 1
(10, 9, 1) : 1
(10, 9, 2) : 2
(10, 9, 3) : 4
(10, 9, 4) : 1
(10, 9, 8) : 1
(10, 9, 11) : 2
(10, 9, 12) : 1
(10, 9, 13) : 1
(10, 9, 14) : 1
(10, 9, 16) : 3
(10, 9, 18) : 1
(10, 11) : 21
(10, 11, 0) : 3
(10, 11, 1) : 1
(10, 11, 2) : 3
(10, 11, 3) : 12
(10, 11, 4) : 12
(10, 11, 6) : 2
(10, 11, 7) : 2
(10, 11, 8) : 2
(10, 11, 9) : 1
(10, 11, 12) : 4
(10, 11, 13) : 5
(10, 11, 14) : 6
(10, 11, 16) : 23
(10, 11, 17) : 1
(10, 12) : 350
(10, 12, 0) : 72
(10, 12, 1) : 105
(10, 12, 2) : 701
(10, 12, 3) : 70
(10, 12, 4) : 10
(10, 12, 6) : 22
(10, 12, 7) : 22
(10, 12, 8) : 48
(10, 12, 9) : 10
(10, 12, 11) : 14
(10, 12, 13) : 560
(10, 12, 14) : 7
(10, 12, 16) : 694
(10, 12, 17) : 4
(10, 12, 18) : 4
(10, 13) : 330
(10, 13, 0) : 53
(10, 13, 1) : 49
(10, 13, 2) : 790
(10, 13, 3) : 60
(10, 13, 4) : 15
(10, 13, 6) : 15
(10, 13, 7) : 17
(10, 13, 8) : 27
(10, 13, 9) : 6
(10, 13, 11) : 14
(10, 13, 12) : 711
(10, 13, 14) : 5
(10, 13, 16) : 1078
(10, 13, 17) : 7
(10, 13, 18) : 5
(10, 14) : 6
(10, 14, 1) : 1
(10, 14, 2) : 5
(10, 14, 3) : 2
(10, 14, 4) : 4
(10, 14, 7) : 2
(10, 14, 8) : 3
(10, 14, 9) : 4
(10, 14, 11) : 2
(10, 14, 12) : 4
(10, 14, 13) : 1
(10, 14, 16) : 7
(10, 14, 18) : 1
(10, 16) : 2520
(10, 16, 0) : 189
(10, 16, 1) : 295
(10, 16, 2) : 2676
(10, 16, 3) : 268
(10, 16, 4) : 134
(10, 16, 6) : 89
(10, 16, 7) : 42
(10, 16, 8) : 203
(10, 16, 9) : 29
(10, 16, 11) : 90
(10, 16, 12) : 1302
(10, 16, 13) : 1875
(10, 16, 14) : 22
(10, 16, 17) : 24
(10, 16, 18) : 33
(10, 17) : 7
(10, 17, 0) : 3
(10, 17, 1) : 1
(10, 17, 2) : 5
(10, 17, 3) : 5
(10, 17, 4) : 3
(10, 17, 6) : 3
(10, 17, 7) : 3
(10, 17, 8) : 3
(10, 17, 11) : 2
(10, 17, 12) : 4
(10, 17, 13) : 4
(10, 17, 14) : 1
(10, 17, 16) : 5
(10, 18) : 23
(10, 18, 2) : 2
(10, 18, 4) : 1
(10, 18, 12) : 1
(10, 18, 13) : 2
(10, 18, 16) : 1
(11,) : 188
(11, 0) : 5
(11, 0, 2) : 1
(11, 0, 4) : 1
(11, 0, 10) : 3
(11, 0, 14) : 1
(11, 1, 0) : 1
(11, 1, 3) : 1
(11, 1, 4) : 1
(11, 1, 6) : 1
(11, 1, 10) : 1
(11, 1, 12) : 3
(11, 1, 16) : 1
(11, 2) : 3
(11, 2, 0) : 2
(11, 2, 1) : 1
(11, 2, 3) : 2
(11, 2, 4) : 2
(11, 2, 6) : 1
(11, 2, 8) : 1
(11, 2, 9) : 1
(11, 2, 12) : 1
(11, 2, 13) : 1
(11, 2, 16) : 1
(11, 3) : 5
(11, 3, 0) : 1
(11, 3, 2) : 3
(11, 3, 4) : 2
(11, 3, 6) : 4
(11, 3, 7) : 1
(11, 3, 9) : 6
(11, 3, 10) : 1
(11, 3, 12) : 1
(11, 3, 14) : 2
(11, 3, 16) : 5
(11, 4) : 34
(11, 4, 0) : 1
(11, 4, 2) : 1
(11, 4, 3) : 7
(11, 4, 6) : 8
(11, 4, 7) : 3
(11, 4, 8) : 2
(11, 4, 9) : 15
(11, 4, 10) : 4
(11, 4, 13) : 1
(11, 4, 14) : 13
(11, 4, 16) : 11
(11, 4, 17) : 3
(11, 4, 18) : 3
(11, 6) : 2
(11, 6, 2) : 1
(11, 6, 3) : 3
(11, 6, 4) : 2
(11, 6, 7) : 1
(11, 6, 9) : 1
(11, 6, 10) : 1
(11, 6, 14) : 2
(11, 6, 17) : 1
(11, 7) : 1
(11, 7, 2) : 1
(11, 7, 6) : 1
(11, 7, 13) : 1
(11, 7, 14) : 3
(11, 8) : 4
(11, 8, 4) : 2
(11, 8, 10) : 3
(11, 8, 13) : 2
(11, 8, 16) : 1
(11, 9) : 1
(11, 9, 3) : 2
(11, 9, 4) : 5
(11, 9, 8) : 1
(11, 9, 14) : 5
(11, 10) : 4
(11, 10, 2) : 1
(11, 10, 3) : 5
(11, 10, 4) : 3
(11, 10, 6) : 3
(11, 10, 9) : 4
(11, 10, 12) : 5
(11, 10, 13) : 5
(11, 10, 14) : 3
(11, 10, 16) : 20
(11, 12) : 2
(11, 12, 2) : 2
(11, 12, 3) : 1
(11, 12, 10) : 2
(11, 12, 14) : 1
(11, 12, 16) : 1
(11, 13, 0) : 3
(11, 13, 1) : 2
(11, 13, 10) : 1
(11, 13, 16) : 2
(11, 14) : 3
(11, 14, 0) : 1
(11, 14, 4) : 14
(11, 14, 6) : 1
(11, 14, 7) : 2
(11, 14, 9) : 7
(11, 14, 10) : 2
(11, 14, 16) : 4
(11, 14, 17) : 3
(11, 16) : 15
(11, 16, 0) : 2
(11, 16, 1) : 1
(11, 16, 2) : 3
(11, 16, 3) : 10
(11, 16, 4) : 9
(11, 16, 6) : 1
(11, 16, 7) : 1
(11, 16, 8) : 1
(11, 16, 9) : 1
(11, 16, 10) : 18
(11, 16, 12) : 3
(11, 16, 13) : 2
(11, 16, 14) : 5
(11, 16, 17) : 1
(11, 17) : 2
(11, 17, 3) : 1
(11, 17, 4) : 3
(11, 17, 6) : 2
(11, 17, 10) : 1
(11, 17, 14) : 3
(11, 17, 16) : 1
(11, 18) : 11
(12,) : 1079
(12, 0) : 127
(12, 0, 1) : 79
(12, 0, 2) : 144
(12, 0, 3) : 23
(12, 0, 4) : 7
(12, 0, 6) : 5
(12, 0, 7) : 13
(12, 0, 8) : 12
(12, 0, 9) : 4
(12, 0, 10) : 72
(12, 0, 11) : 9
(12, 0, 13) : 107
(12, 0, 14) : 6
(12, 0, 15) : 1
(12, 0, 16) : 93
(12, 0, 17) : 8
(12, 0, 18) : 7
(12, 1) : 59
(12, 1, 0) : 55
(12, 1, 2) : 97
(12, 1, 3) : 20
(12, 1, 4) : 4
(12, 1, 6) : 4
(12, 1, 7) : 15
(12, 1, 8) : 6
(12, 1, 9) : 4
(12, 1, 10) : 47
(12, 1, 11) : 5
(12, 1, 13) : 75
(12, 1, 14) : 4
(12, 1, 16) : 47
(12, 1, 17) : 3
(12, 2) : 571
(12, 2, 0) : 196
(12, 2, 1) : 137
(12, 2, 3) : 64
(12, 2, 4) : 12
(12, 2, 6) : 26
(12, 2, 7) : 59
(12, 2, 8) : 39
(12, 2, 9) : 5
(12, 2, 10) : 744
(12, 2, 11) : 11
(12, 2, 13) : 1334
(12, 2, 14) : 6
(12, 2, 16) : 417
(12, 2, 17) : 6
(12, 2, 18) : 11
(12, 3) : 27
(12, 3, 0) : 9
(12, 3, 1) : 5
(12, 3, 2) : 16
(12, 3, 4) : 4
(12, 3, 6) : 14
(12, 3, 7) : 11
(12, 3, 9) : 4
(12, 3, 10) : 11
(12, 3, 11) : 6
(12, 3, 13) : 8
(12, 3, 14) : 1
(12, 3, 16) : 5
(12, 3, 17) : 1
(12, 3, 18) : 6
(12, 4) : 4
(12, 4, 0) : 1
(12, 4, 1) : 1
(12, 4, 2) : 4
(12, 4, 3) : 6
(12, 4, 6) : 2
(12, 4, 7) : 1
(12, 4, 8) : 1
(12, 4, 10) : 5
(12, 4, 11) : 1
(12, 4, 13) : 6
(12, 4, 14) : 2
(12, 4, 16) : 1
(12, 4, 18) : 1
(12, 6) : 3
(12, 6, 0) : 1
(12, 6, 1) : 1
(12, 6, 2) : 4
(12, 6, 3) : 13
(12, 6, 4) : 2
(12, 6, 7) : 1
(12, 6, 9) : 1
(12, 6, 10) : 4
(12, 6, 11) : 1
(12, 6, 13) : 3
(12, 6, 14) : 1
(12, 6, 16) : 5
(12, 6, 17) : 1
(12, 7) : 22
(12, 7, 0) : 11
(12, 7, 1) : 18
(12, 7, 2) : 28
(12, 7, 3) : 17
(12, 7, 4) : 3
(12, 7, 6) : 8
(12, 7, 8) : 3
(12, 7, 10) : 11
(12, 7, 11) : 1
(12, 7, 13) : 31
(12, 7, 14) : 8
(12, 7, 16) : 11
(12, 7, 17) : 2
(12, 7, 18) : 4
(12, 8) : 16
(12, 8, 0) : 3
(12, 8, 1) : 3
(12, 8, 2) : 15
(12, 8, 3) : 1
(12, 8, 4) : 5
(12, 8, 6) : 1
(12, 8, 7) : 3
(12, 8, 9) : 1
(12, 8, 10) : 14
(12, 8, 11) : 1
(12, 8, 13) : 4
(12, 8, 14) : 1
(12, 8, 16) : 9
(12, 9) : 1
(12, 9, 0) : 1
(12, 9, 1) : 1
(12, 9, 2) : 1
(12, 9, 3) : 3
(12, 9, 10) : 1
(12, 9, 11) : 1
(12, 9, 13) : 2
(12, 9, 14) : 2
(12, 9, 16) : 1
(12, 9, 18) : 1
(12, 10) : 278
(12, 10, 0) : 95
(12, 10, 1) : 97
(12, 10, 2) : 746
(12, 10, 3) : 68
(12, 10, 4) : 15
(12, 10, 6) : 20
(12, 10, 7) : 36
(12, 10, 8) : 71
(12, 10, 9) : 7
(12, 10, 11) : 5
(12, 10, 13) : 519
(12, 10, 14) : 7
(12, 10, 16) : 525
(12, 10, 17) : 2
(12, 11) : 4
(12, 11, 0) : 2
(12, 11, 1) : 3
(12, 11, 2) : 8
(12, 11, 3) : 7
(12, 11, 4) : 4
(12, 11, 7) : 1
(12, 11, 8) : 1
(12, 11, 9) : 1
(12, 11, 10) : 4
(12, 11, 13) : 1
(12, 11, 14) : 1
(12, 11, 16) : 1
(12, 13) : 521
(12, 13, 0) : 216
(12, 13, 1) : 200
(12, 13, 2) : 2187
(12, 13, 3) : 123
(12, 13, 4) : 6
(12, 13, 6) : 42
(12, 13, 7) : 153
(12, 13, 8) : 10
(12, 13, 9) : 21
(12, 13, 10) : 942
(12, 13, 11) : 14
(12, 13, 14) : 9
(12, 13, 16) : 659
(12, 13, 17) : 16
(12, 13, 18) : 21
(12, 14) : 6
(12, 14, 0) : 1
(12, 14, 1) : 2
(12, 14, 2) : 6
(12, 14, 3) : 3
(12, 14, 6) : 2
(12, 14, 7) : 2
(12, 14, 8) : 1
(12, 14, 9) : 1
(12, 14, 10) : 2
(12, 14, 13) : 1
(12, 14, 16) : 3
(12, 14, 17) : 1
(12, 14, 18) : 1
(12, 16) : 192
(12, 16, 0) : 86
(12, 16, 1) : 67
(12, 16, 2) : 360
(12, 16, 3) : 49
(12, 16, 4) : 6
(12, 16, 6) : 13
(12, 16, 7) : 29
(12, 16, 8) : 13
(12, 16, 9) : 2
(12, 16, 10) : 449
(12, 16, 11) : 10
(12, 16, 13) : 327
(12, 16, 14) : 14
(12, 16, 17) : 2
(12, 16, 18) : 8
(12, 17) : 1
(12, 17, 0) : 1
(12, 17, 1) : 2
(12, 17, 2) : 2
(12, 17, 3) : 3
(12, 17, 4) : 1
(12, 17, 6) : 1
(12, 17, 10) : 2
(12, 17, 13) : 1
(12, 17, 16) : 1
(12, 18) : 14
(12, 18, 2) : 2
(12, 18, 10) : 1
(12, 18, 13) : 2
(13,) : 820
(13, 0) : 33
(13, 0, 1) : 20
(13, 0, 2) : 63
(13, 0, 3) : 11
(13, 0, 4) : 3
(13, 0, 6) : 4
(13, 0, 7) : 10
(13, 0, 8) : 3
(13, 0, 9) : 3
(13, 0, 10) : 21
(13, 0, 11) : 1
(13, 0, 12) : 48
(13, 0, 14) : 2
(13, 0, 16) : 26
(13, 0, 17) : 2
(13, 1) : 17
(13, 1, 0) : 16
(13, 1, 2) : 49
(13, 1, 3) : 15
(13, 1, 4) : 3
(13, 1, 6) : 5
(13, 1, 7) : 10
(13, 1, 8) : 5
(13, 1, 9) : 1
(13, 1, 10) : 31
(13, 1, 11) : 6
(13, 1, 12) : 54
(13, 1, 14) : 4
(13, 1, 16) : 28
(13, 1, 17) : 1
(13, 1, 18) : 2
(13, 2) : 486
(13, 2, 0) : 100
(13, 2, 1) : 60
(13, 2, 3) : 78
(13, 2, 4) : 15
(13, 2, 6) : 14
(13, 2, 7) : 54
(13, 2, 8) : 25
(13, 2, 9) : 5
(13, 2, 10) : 746
(13, 2, 11) : 5
(13, 2, 12) : 2115
(13, 2, 14) : 7
(13, 2, 16) : 408
(13, 2, 17) : 5
(13, 2, 18) : 11
(13, 3) : 22
(13, 3, 0) : 6
(13, 3, 1) : 2
(13, 3, 2) : 15
(13, 3, 4) : 1
(13, 3, 6) : 9
(13, 3, 7) : 16
(13, 3, 8) : 2
(13, 3, 9) : 4
(13, 3, 10) : 11
(13, 3, 11) : 5
(13, 3, 12) : 19
(13, 3, 14) : 1
(13, 3, 16) : 9
(13, 3, 17) : 1
(13, 3, 18) : 6
(13, 4) : 8
(13, 4, 1) : 2
(13, 4, 2) : 5
(13, 4, 3) : 4
(13, 4, 6) : 2
(13, 4, 7) : 2
(13, 4, 8) : 1
(13, 4, 9) : 1
(13, 4, 10) : 3
(13, 4, 11) : 4
(13, 4, 12) : 4
(13, 4, 14) : 1
(13, 4, 16) : 1
(13, 4, 18) : 1
(13, 6) : 5
(13, 6, 1) : 2
(13, 6, 2) : 4
(13, 6, 3) : 9
(13, 6, 7) : 2
(13, 6, 10) : 2
(13, 6, 11) : 2
(13, 6, 12) : 4
(13, 6, 14) : 2
(13, 6, 16) : 6
(13, 7) : 32
(13, 7, 0) : 7
(13, 7, 1) : 5
(13, 7, 2) : 32
(13, 7, 3) : 36
(13, 7, 4) : 3
(13, 7, 6) : 11
(13, 7, 8) : 1
(13, 7, 9) : 2
(13, 7, 10) : 10
(13, 7, 11) : 3
(13, 7, 12) : 50
(13, 7, 14) : 8
(13, 7, 16) : 17
(13, 7, 17) : 4
(13, 7, 18) : 3
(13, 8) : 6
(13, 8, 0) : 3
(13, 8, 1) : 1
(13, 8, 2) : 4
(13, 8, 3) : 1
(13, 8, 7) : 2
(13, 8, 10) : 6
(13, 8, 11) : 1
(13, 8, 12) : 6
(13, 8, 16) : 9
(13, 8, 17) : 1
(13, 9) : 1
(13, 9, 0) : 1
(13, 9, 2) : 1
(13, 9, 3) : 2
(13, 9, 4) : 1
(13, 9, 6) : 1
(13, 9, 8) : 1
(13, 9, 12) : 1
(13, 9, 14) : 2
(13, 10) : 260
(13, 10, 0) : 34
(13, 10, 1) : 37
(13, 10, 2) : 750
(13, 10, 3) : 50
(13, 10, 4) : 8
(13, 10, 6) : 18
(13, 10, 7) : 31
(13, 10, 8) : 23
(13, 10, 9) : 12
(13, 10, 11) : 10
(13, 10, 12) : 796
(13, 10, 14) : 2
(13, 10, 16) : 660
(13, 10, 17) : 7
(13, 10, 18) : 8
(13, 11) : 7
(13, 11, 0) : 1
(13, 11, 1) : 3
(13, 11, 2) : 4
(13, 11, 3) : 5
(13, 11, 4) : 1
(13, 11, 6) : 2
(13, 11, 7) : 2
(13, 11, 8) : 2
(13, 11, 9) : 5
(13, 11, 10) : 2
(13, 11, 12) : 1
(13, 11, 14) : 2
(13, 11, 16) : 6
(13, 11, 18) : 2
(13, 12) : 743
(13, 12, 0) : 245
(13, 12, 1) : 195
(13, 12, 2) : 3410
(13, 12, 3) : 233
(13, 12, 4) : 10
(13, 12, 6) : 50
(13, 12, 7) : 245
(13, 12, 8) : 9
(13, 12, 9) : 19
(13, 12, 10) : 1181
(13, 12, 11) : 24
(13, 12, 14) : 11
(13, 12, 16) : 766
(13, 12, 17) : 10
(13, 12, 18) : 33
(13, 14) : 4
(13, 14, 0) : 2
(13, 14, 1) : 2
(13, 14, 2) : 2
(13, 14, 3) : 3
(13, 14, 4) : 1
(13, 14, 6) : 1
(13, 14, 7) : 1
(13, 14, 8) : 2
(13, 14, 9) : 3
(13, 14, 11) : 2
(13, 14, 12) : 2
(13, 14, 16) : 1
(13, 14, 17) : 1
(13, 16) : 231
(13, 16, 0) : 52
(13, 16, 1) : 47
(13, 16, 2) : 481
(13, 16, 3) : 48
(13, 16, 4) : 8
(13, 16, 6) : 15
(13, 16, 7) : 22
(13, 16, 8) : 15
(13, 16, 9) : 8
(13, 16, 10) : 656
(13, 16, 11) : 19
(13, 16, 12) : 555
(13, 16, 14) : 8
(13, 16, 17) : 6
(13, 16, 18) : 5
(13, 17) : 2
(13, 17, 1) : 1
(13, 17, 3) : 1
(13, 17, 4) : 1
(13, 17, 7) : 1
(13, 17, 8) : 1
(13, 17, 10) : 2
(13, 17, 11) : 1
(13, 17, 12) : 3
(13, 17, 14) : 1
(13, 17, 16) : 1
(13, 18) : 11
(13, 18, 2) : 3
(13, 18, 3) : 1
(13, 18, 12) : 1
(14,) : 84
(14, 0, 11) : 1
(14, 1) : 1
(14, 1, 2) : 1
(14, 1, 3) : 2
(14, 1, 4) : 1
(14, 1, 9) : 1
(14, 1, 10) : 1
(14, 1, 12) : 1
(14, 1, 13) : 1
(14, 1, 16) : 1
(14, 2) : 4
(14, 2, 0) : 3
(14, 2, 4) : 1
(14, 2, 7) : 1
(14, 2, 10) : 1
(14, 2, 11) : 1
(14, 2, 12) : 1
(14, 2, 13) : 1
(14, 2, 17) : 2
(14, 3, 1) : 1
(14, 3, 2) : 2
(14, 3, 6) : 2
(14, 3, 9) : 3
(14, 3, 10) : 1
(14, 3, 11) : 2
(14, 3, 13) : 1
(14, 3, 17) : 1
(14, 4) : 6
(14, 4, 2) : 2
(14, 4, 3) : 3
(14, 4, 6) : 1
(14, 4, 7) : 1
(14, 4, 8) : 1
(14, 4, 9) : 1
(14, 4, 10) : 3
(14, 4, 11) : 7
(14, 4, 12) : 1
(14, 4, 13) : 2
(14, 4, 16) : 3
(14, 4, 18) : 3
(14, 6) : 1
(14, 6, 3) : 5
(14, 6, 4) : 2
(14, 6, 7) : 1
(14, 6, 11) : 1
(14, 7, 0) : 1
(14, 7, 1) : 1
(14, 7, 2) : 2
(14, 7, 3) : 1
(14, 7, 4) : 1
(14, 7, 6) : 1
(14, 7, 16) : 1
(14, 8) : 2
(14, 8, 4) : 1
(14, 8, 6) : 1
(14, 8, 11) : 1
(14, 8, 12) : 1
(14, 8, 13) : 1
(14, 9) : 3
(14, 9, 2) : 1
(14, 9, 6) : 1
(14, 9, 10) : 1
(14, 9, 11) : 2
(14, 9, 16) : 1
(14, 10) : 4
(14, 10, 0) : 1
(14, 10, 2) : 1
(14, 10, 3) : 1
(14, 10, 4) : 1
(14, 10, 8) : 3
(14, 10, 9) : 3
(14, 10, 11) : 1
(14, 10, 12) : 3
(14, 10, 16) : 5
(14, 11) : 6
(14, 11, 3) : 1
(14, 11, 4) : 8
(14, 11, 6) : 3
(14, 11, 7) : 4
(14, 11, 9) : 4
(14, 11, 12) : 3
(14, 11, 16) : 2
(14, 11, 17) : 1
(14, 11, 18) : 1
(14, 12) : 1
(14, 12, 2) : 2
(14, 12, 3) : 1
(14, 12, 10) : 3
(14, 12, 13) : 2
(14, 12, 16) : 1
(14, 13) : 2
(14, 13, 0) : 1
(14, 13, 2) : 1
(14, 13, 3) : 1
(14, 13, 4) : 1
(14, 13, 6) : 1
(14, 13, 8) : 1
(14, 13, 10) : 6
(14, 13, 12) : 1
(14, 13, 16) : 2
(14, 16) : 4
(14, 16, 0) : 1
(14, 16, 1) : 1
(14, 16, 2) : 6
(14, 16, 3) : 2
(14, 16, 4) : 2
(14, 16, 6) : 1
(14, 16, 7) : 1
(14, 16, 8) : 3
(14, 16, 10) : 13
(14, 16, 11) : 1
(14, 16, 12) : 3
(14, 16, 13) : 4
(14, 16, 17) : 1
(14, 17, 0) : 2
(14, 17, 2) : 1
(14, 17, 3) : 1
(14, 17, 8) : 1
(14, 17, 9) : 1
(14, 17, 10) : 1
(14, 17, 13) : 1
(16,) : 2857
(16, 0) : 46
(16, 0, 1) : 17
(16, 0, 2) : 34
(16, 0, 3) : 19
(16, 0, 4) : 12
(16, 0, 6) : 9
(16, 0, 7) : 2
(16, 0, 8) : 9
(16, 0, 9) : 1
(16, 0, 10) : 60
(16, 0, 11) : 11
(16, 0, 12) : 55
(16, 0, 13) : 63
(16, 0, 14) : 5
(16, 0, 17) : 4
(16, 0, 18) : 1
(16, 1) : 60
(16, 1, 0) : 30
(16, 1, 2) : 43
(16, 1, 3) : 20
(16, 1, 4) : 9
(16, 1, 6) : 9
(16, 1, 7) : 3
(16, 1, 8) : 11
(16, 1, 9) : 3
(16, 1, 10) : 84
(16, 1, 11) : 10
(16, 1, 12) : 53
(16, 1, 13) : 37
(16, 1, 14) : 7
(16, 1, 17) : 4
(16, 1, 18) : 2
(16, 2) : 575
(16, 2, 0) : 70
(16, 2, 1) : 61
(16, 2, 3) : 69
(16, 2, 4) : 30
(16, 2, 6) : 21
(16, 2, 7) : 13
(16, 2, 8) : 42
(16, 2, 9) : 8
(16, 2, 10) : 776
(16, 2, 11) : 18
(16, 2, 12) : 372
(16, 2, 13) : 302
(16, 2, 14) : 18
(16, 2, 17) : 5
(16, 2, 18) : 4
(16, 3) : 61
(16, 3, 0) : 14
(16, 3, 1) : 10
(16, 3, 2) : 19
(16, 3, 4) : 20
(16, 3, 6) : 44
(16, 3, 7) : 14
(16, 3, 8) : 7
(16, 3, 9) : 13
(16, 3, 10) : 27
(16, 3, 11) : 24
(16, 3, 12) : 9
(16, 3, 13) : 13
(16, 3, 14) : 6
(16, 3, 17) : 6
(16, 3, 18) : 6
(16, 4) : 97
(16, 4, 0) : 7
(16, 4, 1) : 10
(16, 4, 2) : 14
(16, 4, 3) : 30
(16, 4, 6) : 9
(16, 4, 7) : 5
(16, 4, 8) : 4
(16, 4, 9) : 14
(16, 4, 10) : 55
(16, 4, 11) : 43
(16, 4, 12) : 10
(16, 4, 13) : 12
(16, 4, 14) : 10
(16, 4, 17) : 6
(16, 4, 18) : 5
(16, 6) : 16
(16, 6, 1) : 6
(16, 6, 2) : 7
(16, 6, 3) : 17
(16, 6, 4) : 3
(16, 6, 7) : 2
(16, 6, 8) : 2
(16, 6, 9) : 1
(16, 6, 10) : 14
(16, 6, 11) : 13
(16, 6, 12) : 9
(16, 6, 14) : 6
(16, 6, 17) : 2
(16, 6, 18) : 1
(16, 7) : 12
(16, 7, 0) : 7
(16, 7, 1) : 2
(16, 7, 2) : 15
(16, 7, 3) : 12
(16, 7, 4) : 3
(16, 7, 6) : 6
(16, 7, 8) : 2
(16, 7, 9) : 2
(16, 7, 10) : 9
(16, 7, 11) : 2
(16, 7, 12) : 9
(16, 7, 13) : 6
(16, 7, 14) : 3
(16, 7, 17) : 1
(16, 8) : 27
(16, 8, 0) : 11
(16, 8, 1) : 9
(16, 8, 2) : 27
(16, 8, 3) : 13
(16, 8, 4) : 6
(16, 8, 6) : 1
(16, 8, 7) : 2
(16, 8, 9) : 2
(16, 8, 10) : 35
(16, 8, 11) : 4
(16, 8, 12) : 8
(16, 8, 13) : 28
(16, 8, 14) : 8
(16, 8, 17) : 9
(16, 9) : 6
(16, 9, 0) : 1
(16, 9, 2) : 4
(16, 9, 3) : 10
(16, 9, 4) : 1
(16, 9, 6) : 3
(16, 9, 7) : 1
(16, 9, 8) : 2
(16, 9, 10) : 5
(16, 9, 11) : 3
(16, 9, 12) : 1
(16, 9, 13) : 1
(16, 9, 14) : 2
(16, 9, 17) : 1
(16, 9, 18) : 1
(16, 10) : 2189
(16, 10, 0) : 195
(16, 10, 1) : 251
(16, 10, 2) : 2069
(16, 10, 3) : 262
(16, 10, 4) : 174
(16, 10, 6) : 86
(16, 10, 7) : 46
(16, 10, 8) : 258
(16, 10, 9) : 23
(16, 10, 11) : 137
(16, 10, 12) : 1097
(16, 10, 13) : 1472
(16, 10, 14) : 47
(16, 10, 17) : 28
(16, 10, 18) : 42
(16, 11) : 49
(16, 11, 0) : 14
(16, 11, 1) : 4
(16, 11, 2) : 11
(16, 11, 3) : 23
(16, 11, 4) : 30
(16, 11, 6) : 10
(16, 11, 7) : 3
(16, 11, 8) : 7
(16, 11, 9) : 9
(16, 11, 10) : 40
(16, 11, 12) : 10
(16, 11, 13) : 8
(16, 11, 14) : 12
(16, 11, 17) : 2
(16, 11, 18) : 2
(16, 12) : 269
(16, 12, 0) : 75
(16, 12, 1) : 91
(16, 12, 2) : 363
(16, 12, 3) : 62
(16, 12, 4) : 13
(16, 12, 5) : 2
(16, 12, 6) : 21
(16, 12, 7) : 17
(16, 12, 8) : 27
(16, 12, 9) : 5
(16, 12, 10) : 551
(16, 12, 11) : 17
(16, 12, 13) : 314
(16, 12, 14) : 7
(16, 12, 17) : 4
(16, 12, 18) : 2
(16, 13) : 324
(16, 13, 0) : 91
(16, 13, 1) : 83
(16, 13, 2) : 401
(16, 13, 3) : 67
(16, 13, 4) : 33
(16, 13, 6) : 27
(16, 13, 7) : 23
(16, 13, 8) : 61
(16, 13, 9) : 8
(16, 13, 10) : 834
(16, 13, 11) : 27
(16, 13, 12) : 454
(16, 13, 14) : 11
(16, 13, 17) : 13
(16, 13, 18) : 9
(16, 14) : 20
(16, 14, 0) : 4
(16, 14, 1) : 4
(16, 14, 2) : 5
(16, 14, 3) : 7
(16, 14, 4) : 9
(16, 14, 6) : 7
(16, 14, 7) : 2
(16, 14, 8) : 5
(16, 14, 9) : 4
(16, 14, 10) : 10
(16, 14, 11) : 9
(16, 14, 12) : 3
(16, 14, 13) : 4
(16, 14, 17) : 3
(16, 17) : 11
(16, 17, 0) : 1
(16, 17, 1) : 4
(16, 17, 2) : 2
(16, 17, 3) : 6
(16, 17, 4) : 3
(16, 17, 6) : 1
(16, 17, 7) : 2
(16, 17, 8) : 3
(16, 17, 9) : 1
(16, 17, 10) : 3
(16, 17, 11) : 3
(16, 17, 12) : 1
(16, 17, 13) : 10
(16, 17, 14) : 1
(16, 18) : 29
(16, 18, 0) : 1
(16, 18, 3) : 2
(16, 18, 4) : 2
(16, 18, 10) : 4
(16, 18, 11) : 2
(16, 18, 13) : 1
(17,) : 42
(17, 0) : 1
(17, 0, 1) : 1
(17, 0, 2) : 1
(17, 0, 12) : 1
(17, 0, 13) : 1
(17, 0, 14) : 1
(17, 1, 0) : 2
(17, 1, 6) : 1
(17, 1, 13) : 1
(17, 1, 16) : 1
(17, 2, 1) : 1
(17, 2, 3) : 2
(17, 2, 8) : 1
(17, 2, 9) : 1
(17, 2, 12) : 2
(17, 2, 13) : 1
(17, 3) : 3
(17, 3, 2) : 2
(17, 3, 6) : 1
(17, 3, 11) : 1
(17, 3, 12) : 1
(17, 3, 13) : 1
(17, 3, 14) : 2
(17, 3, 16) : 1
(17, 4, 2) : 1
(17, 4, 3) : 1
(17, 4, 11) : 3
(17, 6) : 1
(17, 6, 2) : 1
(17, 6, 3) : 1
(17, 6, 4) : 1
(17, 6, 11) : 1
(17, 7) : 1
(17, 7, 4) : 1
(17, 7, 10) : 1
(17, 8, 1) : 1
(17, 8, 16) : 1
(17, 9) : 2
(17, 9, 3) : 1
(17, 9, 4) : 2
(17, 9, 14) : 1
(17, 10, 0) : 1
(17, 10, 1) : 2
(17, 10, 2) : 6
(17, 10, 3) : 1
(17, 10, 4) : 2
(17, 10, 12) : 5
(17, 10, 13) : 1
(17, 10, 14) : 1
(17, 10, 16) : 7
(17, 11, 2) : 1
(17, 11, 3) : 2
(17, 11, 4) : 3
(17, 11, 7) : 1
(17, 11, 9) : 2
(17, 11, 14) : 1
(17, 12, 0) : 4
(17, 12, 1) : 1
(17, 12, 2) : 2
(17, 12, 7) : 2
(17, 12, 10) : 1
(17, 12, 13) : 3
(17, 13) : 3
(17, 13, 0) : 1
(17, 13, 6) : 1
(17, 13, 7) : 2
(17, 13, 8) : 1
(17, 13, 9) : 1
(17, 13, 10) : 2
(17, 13, 11) : 1
(17, 13, 12) : 4
(17, 13, 16) : 1
(17, 14) : 2
(17, 14, 0) : 1
(17, 14, 3) : 1
(17, 14, 9) : 1
(17, 14, 10) : 2
(17, 14, 11) : 2
(17, 14, 16) : 1
(17, 16) : 3
(17, 16, 1) : 1
(17, 16, 2) : 1
(17, 16, 6) : 1
(17, 16, 8) : 1
(17, 16, 10) : 3
(17, 16, 12) : 1
(17, 16, 13) : 2
(17, 18, 14) : 1
(18,) : 87
(18, 0) : 2
(18, 2) : 1
(18, 2, 3) : 1
(18, 2, 9) : 1
(18, 2, 12) : 1
(18, 2, 13) : 1
(18, 2, 16) : 1
(18, 3) : 2
(18, 3, 2) : 1
(18, 3, 6) : 1
(18, 3, 7) : 1
(18, 4) : 2
(18, 4, 10) : 1
(18, 4, 11) : 1
(18, 4, 14) : 1
(18, 6) : 3
(18, 6, 3) : 1
(18, 7) : 1
(18, 7, 9) : 1
(18, 7, 17) : 1
(18, 8, 16) : 1
(18, 8, 17) : 1
(18, 10) : 1
(18, 10, 0) : 1
(18, 10, 1) : 1
(18, 10, 16) : 5
(18, 11) : 4
(18, 12, 0) : 1
(18, 12, 6) : 1
(18, 13) : 2
(18, 13, 10) : 1
(18, 16, 0) : 1
(18, 16, 1) : 1
(18, 16, 2) : 1
(18, 16, 10) : 3
(18, 17, 14) : 1
