0, 1, 2, 3, 4, 5, 6, 7, 8, 9, 10, 11, 12, 13, 14, 15, 16, 17, 18
0, 1, 2, 3, 4, 5, 6, 7, 8, 9, 10, 11, 12, 13, 14, 15, 16, 17, 18
-+-+-+-+-
() : 1363
(0,) : 2976
(0, 1) : 2
(0, 1, 6) : 4
(0, 1, 8) : 1
(0, 1, 9) : 8
(0, 1, 11) : 1
(0, 1, 13) : 3
(0, 1, 14) : 1
(0, 1, 17) : 1
(0, 1, 18) : 1
(0, 3) : 7
(0, 3, 4) : 8
(0, 3, 5) : 1
(0, 3, 6) : 14
(0, 3, 7) : 9
(0, 3, 8) : 1
(0, 3, 10) : 4
(0, 3, 11) : 5
(0, 3, 14) : 1
(0, 3, 16) : 11
(0, 3, 17) : 1
(0, 4) : 78
(0, 4, 1) : 3
(0, 4, 3) : 5
(0, 4, 6) : 154
(0, 4, 7) : 76
(0, 4, 8) : 4
(0, 4, 9) : 4
(0, 4, 10) : 5
(0, 4, 11) : 19
(0, 4, 12) : 5
(0, 4, 13) : 3
(0, 4, 14) : 1
(0, 4, 15) : 7
(0, 4, 16) : 30
(0, 4, 17) : 2
(0, 4, 18) : 2
(0, 5) : 9
(0, 5, 3) : 1
(0, 5, 4) : 4
(0, 5, 6) : 6
(0, 5, 7) : 5
(0, 5, 8) : 1
(0, 5, 10) : 2
(0, 5, 11) : 1
(0, 5, 13) : 2
(0, 5, 14) : 1
(0, 5, 15) : 1
(0, 5, 16) : 7
(0, 5, 17) : 1
(0, 6) : 677
(0, 6, 1) : 6
(0, 6, 3) : 25
(0, 6, 4) : 143
(0, 6, 5) : 20
(0, 6, 7) : 258
(0, 6, 8) : 12
(0, 6, 9) : 12
(0, 6, 10) : 23
(0, 6, 11) : 16
(0, 6, 12) : 22
(0, 6, 13) : 9
(0, 6, 14) : 8
(0, 6, 15) : 13
(0, 6, 16) : 159
(0, 6, 17) : 3
(0, 6, 18) : 5
(0, 7) : 186
(0, 7, 1) : 1
(0, 7, 3) : 11
(0, 7, 4) : 71
(0, 7, 5) : 11
(0, 7, 6) : 242
(0, 7, 8) : 3
(0, 7, 9) : 6
(0, 7, 10) : 10
(0, 7, 11) : 17
(0, 7, 12) : 2
(0, 7, 13) : 7
(0, 7, 14) : 5
(0, 7, 15) : 20
(0, 7, 16) : 282
(0, 7, 17) : 4
(0, 7, 18) : 4
(0, 8) : 2
(0, 8, 1) : 1
(0, 8, 7) : 2
(0, 8, 10) : 2
(0, 8, 12) : 1
(0, 8, 13) : 1
(0, 8, 15) : 1
(0, 8, 16) : 2
(0, 8, 17) : 1
(0, 9) : 8
(0, 9, 1) : 6
(0, 9, 4) : 3
(0, 9, 5) : 2
(0, 9, 6) : 6
(0, 9, 7) : 4
(0, 9, 10) : 5
(0, 9, 12) : 1
(0, 9, 13) : 1
(0, 9, 15) : 1
(0, 9, 16) : 3
(0, 9, 17) : 2
(0, 9, 18) : 1
(0, 10) : 11
(0, 10, 1) : 3
(0, 10, 4) : 2
(0, 10, 5) : 5
(0, 10, 6) : 11
(0, 10, 7) : 9
(0, 10, 9) : 1
(0, 10, 11) : 1
(0, 10, 13) : 1
(0, 10, 14) : 4
(0, 10, 15) : 2
(0, 10, 16) : 11
(0, 11) : 12
(0, 11, 3) : 3
(0, 11, 4) : 10
(0, 11, 6) : 15
(0, 11, 7) : 11
(0, 11, 9) : 1
(0, 11, 12) : 4
(0, 11, 13) : 1
(0, 11, 14) : 1
(0, 11, 15) : 1
(0, 11, 16) : 7
(0, 11, 17) : 3
(0, 12) : 7
(0, 12, 6) : 6
(0, 12, 7) : 2
(0, 12, 8) : 2
(0, 12, 9) : 1
(0, 12, 11) : 3
(0, 12, 13) : 1
(0, 12, 14) : 3
(0, 12, 15) : 2
(0, 12, 16) : 2
(0, 13) : 7
(0, 13, 1) : 1
(0, 13, 3) : 3
(0, 13, 4) : 2
(0, 13, 6) : 13
(0, 13, 7) : 2
(0, 13, 8) : 2
(0, 13, 10) : 5
(0, 13, 16) : 2
(0, 14) : 5
(0, 14, 4) : 1
(0, 14, 5) : 2
(0, 14, 6) : 1
(0, 14, 7) : 4
(0, 14, 10) : 3
(0, 14, 13) : 2
(0, 14, 16) : 3
(0, 14, 17) : 2
(0, 15) : 13
(0, 15, 1) : 1
(0, 15, 3) : 1
(0, 15, 4) : 8
(0, 15, 5) : 1
(0, 15, 6) : 11
(0, 15, 7) : 13
(0, 15, 8) : 3
(0, 15, 10) : 6
(0, 15, 13) : 2
(0, 15, 14) : 4
(0, 15, 16) : 22
(0, 15, 17) : 3
(0, 16) : 94
(0, 16, 1) : 1
(0, 16, 3) : 25
(0, 16, 4) : 21
(0, 16, 5) : 19
(0, 16, 6) : 144
(0, 16, 7) : 266
(0, 16, 8) : 4
(0, 16, 9) : 2
(0, 16, 10) : 35
(0, 16, 11) : 10
(0, 16, 12) : 2
(0, 16, 13) : 9
(0, 16, 14) : 6
(0, 16, 15) : 27
(0, 16, 17) : 5
(0, 16, 18) : 5
(0, 17) : 3
(0, 17, 1) : 1
(0, 17, 4) : 1
(0, 17, 6) : 4
(0, 17, 7) : 5
(0, 17, 9) : 1
(0, 17, 10) : 2
(0, 17, 12) : 1
(0, 17, 15) : 2
(0, 17, 16) : 1
(0, 18) : 7
(0, 18, 9) : 1
(0, 18, 15) : 1
(1,) : 504
(1, 0) : 3
(1, 0, 6) : 6
(1, 0, 8) : 1
(1, 0, 13) : 1
(1, 3, 0) : 1
(1, 3, 4) : 2
(1, 3, 7) : 1
(1, 4) : 6
(1, 4, 0) : 4
(1, 4, 6) : 10
(1, 4, 7) : 2
(1, 4, 8) : 3
(1, 4, 9) : 7
(1, 4, 11) : 4
(1, 4, 12) : 3
(1, 4, 13) : 1
(1, 4, 17) : 1
(1, 5) : 2
(1, 5, 0) : 1
(1, 5, 7) : 1
(1, 5, 9) : 1
(1, 5, 15) : 1
(1, 6) : 77
(1, 6, 0) : 4
(1, 6, 3) : 4
(1, 6, 4) : 11
(1, 6, 5) : 2
(1, 6, 7) : 4
(1, 6, 8) : 9
(1, 6, 9) : 65
(1, 6, 10) : 3
(1, 6, 11) : 13
(1, 6, 12) : 15
(1, 6, 13) : 18
(1, 6, 14) : 2
(1, 6, 15) : 2
(1, 6, 16) : 1
(1, 6, 17) : 2
(1, 7) : 2
(1, 7, 4) : 1
(1, 7, 5) : 1
(1, 7, 6) : 2
(1, 7, 9) : 6
(1, 7, 10) : 1
(1, 7, 12) : 1
(1, 7, 13) : 1
(1, 7, 16) : 4
(1, 7, 17) : 1
(1, 8) : 7
(1, 8, 6) : 6
(1, 8, 9) : 14
(1, 8, 10) : 1
(1, 8, 12) : 4
(1, 8, 13) : 4
(1, 8, 15) : 4
(1, 8, 18) : 1
(1, 9) : 565
(1, 9, 0) : 7
(1, 9, 3) : 3
(1, 9, 4) : 19
(1, 9, 5) : 4
(1, 9, 6) : 177
(1, 9, 7) : 24
(1, 9, 8) : 159
(1, 9, 10) : 92
(1, 9, 11) : 16
(1, 9, 12) : 109
(1, 9, 13) : 269
(1, 9, 14) : 14
(1, 9, 15) : 58
(1, 9, 16) : 12
(1, 9, 17) : 67
(1, 9, 18) : 23
(1, 10) : 5
(1, 10, 0) : 1
(1, 10, 4) : 1
(1, 10, 8) : 4
(1, 10, 9) : 13
(1, 10, 12) : 1
(1, 10, 13) : 4
(1, 11) : 3
(1, 11, 4) : 13
(1, 11, 6) : 7
(1, 11, 8) : 1
(1, 11, 9) : 3
(1, 11, 12) : 3
(1, 11, 13) : 5
(1, 11, 17) : 2
(1, 12) : 11
(1, 12, 4) : 3
(1, 12, 6) : 9
(1, 12, 7) : 1
(1, 12, 8) : 5
(1, 12, 9) : 12
(1, 12, 11) : 7
(1, 12, 13) : 6
(1, 12, 16) : 1
(1, 13) : 25
(1, 13, 0) : 1
(1, 13, 4) : 1
(1, 13, 6) : 23
(1, 13, 8) : 17
(1, 13, 9) : 50
(1, 13, 10) : 2
(1, 13, 11) : 7
(1, 13, 12) : 5
(1, 13, 15) : 2
(1, 13, 16) : 1
(1, 13, 18) : 2
(1, 14) : 1
(1, 14, 5) : 1
(1, 14, 6) : 1
(1, 14, 8) : 1
(1, 14, 9) : 1
(1, 14, 10) : 1
(1, 14, 12) : 1
(1, 14, 13) : 1
(1, 15) : 3
(1, 15, 6) : 2
(1, 15, 7) : 1
(1, 15, 8) : 2
(1, 15, 9) : 3
(1, 15, 12) : 1
(1, 15, 13) : 1
(1, 16) : 1
(1, 17) : 2
(1, 17, 3) : 2
(1, 17, 4) : 1
(1, 17, 5) : 1
(1, 17, 6) : 2
(1, 17, 7) : 1
(1, 17, 8) : 1
(1, 17, 9) : 7
(1, 17, 10) : 1
(1, 17, 12) : 3
(1, 18) : 5
(1, 18, 6) : 1
(1, 18, 7) : 1
(1, 18, 8) : 1
(1, 18, 9) : 3
(2, 1, 10) : 1
(2, 16, 7) : 1
(3,) : 88
(3, 0) : 6
(3, 0, 4) : 2
(3, 0, 5) : 1
(3, 0, 6) : 5
(3, 0, 7) : 4
(3, 0, 10) : 1
(3, 0, 11) : 1
(3, 0, 15) : 1
(3, 0, 16) : 4
(3, 1, 9) : 1
(3, 4) : 7
(3, 4, 0) : 5
(3, 4, 5) : 1
(3, 4, 6) : 16
(3, 4, 7) : 7
(3, 4, 10) : 2
(3, 4, 11) : 21
(3, 4, 13) : 1
(3, 4, 15) : 3
(3, 4, 16) : 2
(3, 5) : 2
(3, 5, 4) : 2
(3, 5, 6) : 2
(3, 5, 14) : 1
(3, 5, 16) : 2
(3, 6) : 32
(3, 6, 0) : 7
(3, 6, 1) : 1
(3, 6, 4) : 23
(3, 6, 5) : 2
(3, 6, 7) : 18
(3, 6, 9) : 1
(3, 6, 10) : 5
(3, 6, 11) : 7
(3, 6, 12) : 6
(3, 6, 13) : 1
(3, 6, 15) : 2
(3, 6, 16) : 8
(3, 6, 17) : 2
(3, 7) : 12
(3, 7, 0) : 6
(3, 7, 4) : 3
(3, 7, 5) : 1
(3, 7, 6) : 8
(3, 7, 10) : 1
(3, 7, 11) : 5
(3, 7, 12) : 2
(3, 7, 13) : 1
(3, 7, 15) : 1
(3, 7, 16) : 5
(3, 7, 17) : 2
(3, 8) : 3
(3, 8, 0) : 2
(3, 8, 6) : 1
(3, 8, 10) : 1
(3, 8, 11) : 1
(3, 9) : 2
(3, 9, 1) : 2
(3, 9, 4) : 1
(3, 9, 11) : 2
(3, 10, 0) : 1
(3, 10, 6) : 3
(3, 10, 7) : 3
(3, 10, 8) : 1
(3, 10, 14) : 1
(3, 10, 15) : 1
(3, 10, 16) : 2
(3, 10, 17) : 2
(3, 11) : 6
(3, 11, 4) : 5
(3, 11, 5) : 1
(3, 11, 6) : 6
(3, 11, 7) : 4
(3, 11, 8) : 1
(3, 11, 10) : 1
(3, 11, 13) : 2
(3, 11, 15) : 1
(3, 11, 16) : 4
(3, 12) : 2
(3, 12, 0) : 1
(3, 12, 4) : 2
(3, 12, 6) : 11
(3, 12, 7) : 1
(3, 12, 8) : 2
(3, 12, 14) : 1
(3, 12, 16) : 1
(3, 13) : 2
(3, 13, 8) : 1
(3, 13, 10) : 1
(3, 13, 12) : 1
(3, 14, 6) : 1
(3, 15) : 3
(3, 15, 6) : 2
(3, 15, 7) : 1
(3, 15, 8) : 2
(3, 15, 13) : 1
(3, 15, 16) : 1
(3, 16) : 4
(3, 16, 0) : 4
(3, 16, 1) : 1
(3, 16, 4) : 6
(3, 16, 6) : 8
(3, 16, 7) : 11
(3, 16, 9) : 1
(3, 16, 11) : 6
(3, 16, 13) : 1
(3, 16, 15) : 1
(3, 17, 5) : 1
(3, 17, 6) : 1
(3, 17, 7) : 1
(4,) : 523
(4, 0) : 96
(4, 0, 1) : 3
(4, 0, 3) : 5
(4, 0, 5) : 3
(4, 0, 6) : 188
(4, 0, 7) : 69
(4, 0, 8) : 1
(4, 0, 9) : 9
(4, 0, 10) : 8
(4, 0, 11) : 9
(4, 0, 12) : 8
(4, 0, 13) : 6
(4, 0, 15) : 6
(4, 0, 16) : 30
(4, 0, 18) : 4
(4, 1) : 11
(4, 1, 0) : 1
(4, 1, 3) : 1
(4, 1, 5) : 1
(4, 1, 6) : 15
(4, 1, 7) : 1
(4, 1, 8) : 3
(4, 1, 9) : 33
(4, 1, 10) : 1
(4, 1, 11) : 1
(4, 1, 12) : 2
(4, 1, 13) : 9
(4, 3) : 2
(4, 3, 0) : 3
(4, 3, 6) : 9
(4, 3, 7) : 4
(4, 3, 8) : 1
(4, 3, 9) : 1
(4, 3, 10) : 2
(4, 3, 11) : 11
(4, 3, 12) : 2
(4, 3, 13) : 1
(4, 3, 15) : 1
(4, 3, 16) : 6
(4, 5) : 2
(4, 5, 3) : 2
(4, 5, 6) : 3
(4, 5, 7) : 1
(4, 5, 10) : 1
(4, 5, 11) : 2
(4, 5, 12) : 1
(4, 5, 15) : 1
(4, 5, 16) : 1
(4, 5, 17) : 1
(4, 6) : 781
(4, 6, 0) : 277
(4, 6, 1) : 43
(4, 6, 3) : 21
(4, 6, 5) : 4
(4, 6, 7) : 257
(4, 6, 8) : 6
(4, 6, 9) : 92
(4, 6, 10) : 31
(4, 6, 11) : 86
(4, 6, 12) : 20
(4, 6, 13) : 25
(4, 6, 15) : 15
(4, 6, 16) : 38
(4, 6, 17) : 2
(4, 6, 18) : 16
(4, 7) : 94
(4, 7, 0) : 69
(4, 7, 1) : 4
(4, 7, 3) : 13
(4, 7, 5) : 4
(4, 7, 6) : 224
(4, 7, 8) : 1
(4, 7, 9) : 4
(4, 7, 10) : 11
(4, 7, 11) : 41
(4, 7, 12) : 2
(4, 7, 13) : 5
(4, 7, 14) : 2
(4, 7, 15) : 7
(4, 7, 16) : 110
(4, 7, 17) : 6
(4, 7, 18) : 1
(4, 8) : 1
(4, 8, 0) : 2
(4, 8, 3) : 1
(4, 8, 6) : 5
(4, 8, 7) : 1
(4, 8, 11) : 1
(4, 9) : 33
(4, 9, 0) : 7
(4, 9, 1) : 23
(4, 9, 5) : 2
(4, 9, 6) : 44
(4, 9, 7) : 3
(4, 9, 8) : 2
(4, 9, 10) : 2
(4, 9, 11) : 2
(4, 9, 12) : 7
(4, 9, 13) : 4
(4, 9, 15) : 1
(4, 9, 16) : 1
(4, 10) : 12
(4, 10, 0) : 1
(4, 10, 3) : 1
(4, 10, 5) : 2
(4, 10, 6) : 7
(4, 10, 7) : 5
(4, 10, 8) : 3
(4, 10, 9) : 2
(4, 10, 11) : 2
(4, 10, 12) : 1
(4, 10, 13) : 3
(4, 10, 15) : 1
(4, 10, 16) : 1
(4, 11) : 52
(4, 11, 0) : 23
(4, 11, 1) : 10
(4, 11, 3) : 16
(4, 11, 5) : 3
(4, 11, 6) : 122
(4, 11, 7) : 56
(4, 11, 8) : 3
(4, 11, 9) : 10
(4, 11, 10) : 6
(4, 11, 12) : 9
(4, 11, 13) : 10
(4, 11, 15) : 8
(4, 11, 16) : 22
(4, 11, 17) : 4
(4, 12) : 5
(4, 12, 0) : 11
(4, 12, 6) : 16
(4, 12, 7) : 7
(4, 12, 9) : 14
(4, 12, 10) : 2
(4, 12, 11) : 11
(4, 12, 13) : 2
(4, 12, 14) : 1
(4, 12, 16) : 1
(4, 12, 17) : 1
(4, 13) : 8
(4, 13, 0) : 6
(4, 13, 1) : 6
(4, 13, 5) : 1
(4, 13, 6) : 12
(4, 13, 7) : 4
(4, 13, 8) : 4
(4, 13, 9) : 3
(4, 13, 10) : 4
(4, 13, 11) : 5
(4, 13, 12) : 1
(4, 13, 15) : 1
(4, 14) : 1
(4, 14, 0) : 2
(4, 14, 3) : 1
(4, 14, 5) : 1
(4, 14, 6) : 1
(4, 14, 7) : 3
(4, 14, 11) : 1
(4, 14, 16) : 1
(4, 15) : 2
(4, 15, 0) : 7
(4, 15, 3) : 1
(4, 15, 6) : 11
(4, 15, 7) : 5
(4, 15, 10) : 3
(4, 15, 11) : 3
(4, 15, 12) : 1
(4, 15, 13) : 1
(4, 15, 16) : 3
(4, 16) : 22
(4, 16, 0) : 25
(4, 16, 1) : 1
(4, 16, 3) : 5
(4, 16, 5) : 1
(4, 16, 6) : 31
(4, 16, 7) : 45
(4, 16, 10) : 5
(4, 16, 11) : 7
(4, 16, 12) : 2
(4, 16, 13) : 3
(4, 16, 15) : 1
(4, 16, 17) : 1
(4, 17) : 3
(4, 17, 0) : 1
(4, 17, 1) : 1
(4, 17, 5) : 1
(4, 17, 6) : 5
(4, 17, 7) : 2
(4, 17, 11) : 2
(4, 17, 13) : 3
(4, 17, 16) : 2
(4, 18) : 11
(4, 18, 10) : 1
(5,) : 97
(5, 0) : 2
(5, 0, 3) : 2
(5, 0, 4) : 1
(5, 0, 6) : 9
(5, 0, 7) : 6
(5, 0, 8) : 1
(5, 0, 9) : 1
(5, 0, 10) : 3
(5, 0, 13) : 1
(5, 0, 14) : 1
(5, 0, 16) : 13
(5, 1, 3) : 1
(5, 1, 9) : 3
(5, 3) : 1
(5, 3, 0) : 3
(5, 3, 4) : 2
(5, 3, 6) : 4
(5, 3, 10) : 1
(5, 3, 11) : 1
(5, 3, 15) : 1
(5, 3, 16) : 1
(5, 4) : 2
(5, 4, 0) : 1
(5, 4, 1) : 1
(5, 4, 10) : 1
(5, 4, 11) : 4
(5, 4, 14) : 1
(5, 6) : 10
(5, 6, 0) : 2
(5, 6, 3) : 1
(5, 6, 4) : 6
(5, 6, 7) : 6
(5, 6, 8) : 1
(5, 6, 9) : 1
(5, 6, 10) : 11
(5, 6, 11) : 2
(5, 6, 13) : 1
(5, 6, 14) : 1
(5, 6, 15) : 1
(5, 6, 16) : 12
(5, 6, 18) : 1
(5, 7) : 10
(5, 7, 0) : 9
(5, 7, 3) : 1
(5, 7, 4) : 3
(5, 7, 6) : 15
(5, 7, 8) : 1
(5, 7, 9) : 1
(5, 7, 10) : 14
(5, 7, 15) : 2
(5, 7, 16) : 37
(5, 7, 17) : 1
(5, 8) : 1
(5, 8, 4) : 1
(5, 8, 7) : 2
(5, 8, 9) : 1
(5, 8, 10) : 1
(5, 8, 13) : 2
(5, 8, 15) : 1
(5, 9, 6) : 2
(5, 9, 13) : 1
(5, 9, 16) : 1
(5, 10) : 17
(5, 10, 0) : 6
(5, 10, 3) : 2
(5, 10, 6) : 6
(5, 10, 7) : 8
(5, 10, 8) : 3
(5, 10, 11) : 2
(5, 10, 12) : 2
(5, 10, 13) : 2
(5, 10, 14) : 3
(5, 10, 15) : 11
(5, 10, 16) : 27
(5, 10, 17) : 3
(5, 11, 1) : 1
(5, 11, 4) : 2
(5, 11, 6) : 1
(5, 11, 7) : 1
(5, 11, 10) : 2
(5, 11, 16) : 1
(5, 12) : 1
(5, 12, 3) : 1
(5, 12, 6) : 1
(5, 12, 7) : 2
(5, 12, 8) : 2
(5, 12, 10) : 1
(5, 12, 11) : 1
(5, 13, 6) : 2
(5, 13, 7) : 1
(5, 13, 8) : 1
(5, 13, 10) : 1
(5, 13, 15) : 2
(5, 13, 16) : 1
(5, 14) : 1
(5, 14, 0) : 2
(5, 14, 6) : 1
(5, 14, 7) : 3
(5, 14, 10) : 2
(5, 14, 11) : 1
(5, 14, 16) : 1
(5, 14, 17) : 3
(5, 15) : 1
(5, 15, 0) : 1
(5, 15, 4) : 1
(5, 15, 6) : 4
(5, 15, 7) : 4
(5, 15, 8) : 1
(5, 15, 10) : 5
(5, 15, 14) : 3
(5, 15, 16) : 7
(5, 16) : 18
(5, 16, 0) : 47
(5, 16, 1) : 1
(5, 16, 3) : 4
(5, 16, 4) : 1
(5, 16, 6) : 15
(5, 16, 7) : 99
(5, 16, 8) : 1
(5, 16, 10) : 15
(5, 16, 11) : 1
(5, 16, 12) : 1
(5, 16, 13) : 1
(5, 16, 14) : 6
(5, 16, 15) : 9
(5, 16, 17) : 4
(5, 16, 18) : 1
(5, 17) : 1
(5, 17, 0) : 2
(5, 17, 3) : 1
(5, 17, 4) : 1
(5, 17, 6) : 3
(5, 17, 10) : 4
(5, 17, 11) : 1
(5, 17, 13) : 1
(5, 17, 14) : 3
(5, 17, 15) : 3
(5, 17, 16) : 7
(5, 18) : 2
(6,) : 29327
(6, 0) : 1878
(6, 0, 1) : 48
(6, 0, 3) : 138
(6, 0, 4) : 842
(6, 0, 5) : 40
(6, 0, 7) : 893
(6, 0, 8) : 25
(6, 0, 9) : 85
(6, 0, 10) : 95
(6, 0, 11) : 120
(6, 0, 12) : 28
(6, 0, 13) : 62
(6, 0, 14) : 12
(6, 0, 15) : 54
(6, 0, 16) : 471
(6, 0, 17) : 23
(6, 0, 18) : 9
(6, 1) : 205
(6, 1, 0) : 12
(6, 1, 3) : 10
(6, 1, 4) : 32
(6, 1, 5) : 10
(6, 1, 7) : 22
(6, 1, 8) : 36
(6, 1, 9) : 662
(6, 1, 10) : 16
(6, 1, 11) : 27
(6, 1, 12) : 36
(6, 1, 13) : 69
(6, 1, 14) : 3
(6, 1, 15) : 7
(6, 1, 16) : 2
(6, 1, 17) : 11
(6, 1, 18) : 8
(6, 3) : 145
(6, 3, 0) : 105
(6, 3, 1) : 2
(6, 3, 4) : 286
(6, 3, 5) : 12
(6, 3, 7) : 156
(6, 3, 8) : 16
(6, 3, 9) : 9
(6, 3, 10) : 33
(6, 3, 11) : 131
(6, 3, 12) : 31
(6, 3, 13) : 20
(6, 3, 14) : 5
(6, 3, 15) : 17
(6, 3, 16) : 147
(6, 3, 17) : 15
(6, 3, 18) : 3
(6, 4) : 2104
(6, 4, 0) : 1007
(6, 4, 1) : 112
(6, 4, 3) : 156
(6, 4, 5) : 28
(6, 4, 7) : 799
(6, 4, 8) : 27
(6, 4, 9) : 206
(6, 4, 10) : 87
(6, 4, 11) : 875
(6, 4, 12) : 65
(6, 4, 13) : 84
(6, 4, 14) : 8
(6, 4, 15) : 47
(6, 4, 16) : 160
(6, 4, 17) : 25
(6, 4, 18) : 21
(6, 5) : 64
(6, 5, 0) : 23
(6, 5, 1) : 4
(6, 5, 3) : 12
(6, 5, 4) : 16
(6, 5, 7) : 32
(6, 5, 8) : 9
(6, 5, 9) : 3
(6, 5, 10) : 61
(6, 5, 11) : 7
(6, 5, 12) : 10
(6, 5, 13) : 15
(6, 5, 14) : 16
(6, 5, 15) : 7
(6, 5, 16) : 41
(6, 5, 17) : 6
(6, 5, 18) : 2
(6, 7) : 3268
(6, 7, 0) : 1029
(6, 7, 1) : 20
(6, 7, 3) : 337
(6, 7, 4) : 734
(6, 7, 5) : 73
(6, 7, 8) : 30
(6, 7, 9) : 74
(6, 7, 10) : 165
(6, 7, 11) : 313
(6, 7, 12) : 42
(6, 7, 13) : 60
(6, 7, 14) : 21
(6, 7, 15) : 53
(6, 7, 16) : 2720
(6, 7, 17) : 45
(6, 7, 18) : 24
(6, 8) : 45
(6, 8, 0) : 7
(6, 8, 1) : 24
(6, 8, 3) : 12
(6, 8, 4) : 26
(6, 8, 5) : 10
(6, 8, 7) : 21
(6, 8, 9) : 13
(6, 8, 10) : 33
(6, 8, 11) : 10
(6, 8, 12) : 20
(6, 8, 13) : 47
(6, 8, 14) : 6
(6, 8, 15) : 18
(6, 8, 16) : 14
(6, 8, 17) : 4
(6, 8, 18) : 1
(6, 9) : 507
(6, 9, 0) : 30
(6, 9, 1) : 589
(6, 9, 3) : 17
(6, 9, 4) : 76
(6, 9, 5) : 11
(6, 9, 7) : 30
(6, 9, 8) : 28
(6, 9, 10) : 41
(6, 9, 11) : 20
(6, 9, 12) : 69
(6, 9, 13) : 124
(6, 9, 14) : 6
(6, 9, 15) : 26
(6, 9, 16) : 17
(6, 9, 17) : 16
(6, 9, 18) : 6
(6, 10) : 278
(6, 10, 0) : 45
(6, 10, 1) : 29
(6, 10, 3) : 49
(6, 10, 4) : 55
(6, 10, 5) : 74
(6, 10, 7) : 152
(6, 10, 8) : 45
(6, 10, 9) : 37
(6, 10, 11) : 40
(6, 10, 12) : 18
(6, 10, 13) : 83
(6, 10, 14) : 29
(6, 10, 15) : 60
(6, 10, 16) : 80
(6, 10, 17) : 12
(6, 10, 18) : 5
(6, 11) : 309
(6, 11, 0) : 93
(6, 11, 1) : 48
(6, 11, 3) : 89
(6, 11, 4) : 479
(6, 11, 5) : 20
(6, 11, 7) : 177
(6, 11, 8) : 11
(6, 11, 9) : 43
(6, 11, 10) : 42
(6, 11, 12) : 101
(6, 11, 13) : 41
(6, 11, 14) : 4
(6, 11, 15) : 14
(6, 11, 16) : 74
(6, 11, 17) : 17
(6, 11, 18) : 5
(6, 12) : 90
(6, 12, 0) : 17
(6, 12, 1) : 21
(6, 12, 3) : 25
(6, 12, 4) : 45
(6, 12, 5) : 7
(6, 12, 7) : 15
(6, 12, 8) : 20
(6, 12, 9) : 45
(6, 12, 10) : 19
(6, 12, 11) : 50
(6, 12, 13) : 20
(6, 12, 14) : 3
(6, 12, 15) : 16
(6, 12, 16) : 12
(6, 12, 17) : 10
(6, 12, 18) : 5
(6, 13) : 144
(6, 13, 0) : 28
(6, 13, 1) : 93
(6, 13, 3) : 14
(6, 13, 4) : 27
(6, 13, 5) : 12
(6, 13, 7) : 28
(6, 13, 8) : 78
(6, 13, 9) : 71
(6, 13, 10) : 69
(6, 13, 11) : 20
(6, 13, 12) : 27
(6, 13, 14) : 5
(6, 13, 15) : 10
(6, 13, 16) : 25
(6, 13, 17) : 6
(6, 13, 18) : 4
(6, 14) : 22
(6, 14, 0) : 7
(6, 14, 1) : 1
(6, 14, 3) : 5
(6, 14, 4) : 4
(6, 14, 5) : 9
(6, 14, 7) : 14
(6, 14, 8) : 2
(6, 14, 9) : 4
(6, 14, 10) : 10
(6, 14, 11) : 3
(6, 14, 12) : 10
(6, 14, 13) : 3
(6, 14, 15) : 10
(6, 14, 16) : 15
(6, 14, 17) : 7
(6, 14, 18) : 1
(6, 15) : 81
(6, 15, 0) : 22
(6, 15, 1) : 6
(6, 15, 3) : 11
(6, 15, 4) : 26
(6, 15, 5) : 10
(6, 15, 7) : 36
(6, 15, 8) : 12
(6, 15, 9) : 16
(6, 15, 10) : 45
(6, 15, 11) : 9
(6, 15, 12) : 6
(6, 15, 13) : 14
(6, 15, 14) : 14
(6, 15, 16) : 58
(6, 15, 17) : 5
(6, 15, 18) : 3
(6, 16) : 738
(6, 16, 0) : 511
(6, 16, 1) : 6
(6, 16, 3) : 243
(6, 16, 4) : 148
(6, 16, 5) : 47
(6, 16, 7) : 1387
(6, 16, 8) : 20
(6, 16, 9) : 16
(6, 16, 10) : 102
(6, 16, 11) : 125
(6, 16, 12) : 18
(6, 16, 13) : 26
(6, 16, 14) : 25
(6, 16, 15) : 42
(6, 16, 17) : 15
(6, 16, 18) : 7
(6, 17) : 19
(6, 17, 0) : 15
(6, 17, 1) : 5
(6, 17, 3) : 12
(6, 17, 4) : 22
(6, 17, 5) : 6
(6, 17, 7) : 22
(6, 17, 8) : 2
(6, 17, 9) : 8
(6, 17, 10) : 4
(6, 17, 11) : 11
(6, 17, 12) : 8
(6, 17, 13) : 11
(6, 17, 14) : 4
(6, 17, 16) : 20
(6, 18) : 186
(6, 18, 0) : 1
(6, 18, 1) : 1
(6, 18, 3) : 3
(6, 18, 4) : 2
(6, 18, 7) : 6
(6, 18, 8) : 3
(6, 18, 9) : 1
(6, 18, 10) : 2
(6, 18, 11) : 4
(6, 18, 12) : 1
(6, 18, 14) : 1
(6, 18, 16) : 2
(7,) : 1884
(7, 0) : 280
(7, 0, 1) : 4
(7, 0, 3) : 16
(7, 0, 4) : 176
(7, 0, 5) : 16
(7, 0, 6) : 465
(7, 0, 8) : 1
(7, 0, 9) : 3
(7, 0, 10) : 41
(7, 0, 11) : 28
(7, 0, 12) : 8
(7, 0, 13) : 10
(7, 0, 14) : 8
(7, 0, 15) : 30
(7, 0, 16) : 667
(7, 0, 17) : 7
(7, 0, 18) : 7
(7, 1) : 6
(7, 1, 3) : 1
(7, 1, 6) : 3
(7, 1, 9) : 10
(7, 1, 10) : 2
(7, 1, 11) : 1
(7, 1, 13) : 1
(7, 1, 14) : 1
(7, 1, 16) : 1
(7, 1, 17) : 1
(7, 3) : 15
(7, 3, 0) : 11
(7, 3, 4) : 22
(7, 3, 5) : 3
(7, 3, 6) : 37
(7, 3, 9) : 1
(7, 3, 10) : 7
(7, 3, 11) : 18
(7, 3, 12) : 5
(7, 3, 13) : 1
(7, 3, 14) : 1
(7, 3, 15) : 3
(7, 3, 16) : 20
(7, 3, 17) : 4
(7, 4) : 155
(7, 4, 0) : 161
(7, 4, 1) : 2
(7, 4, 3) : 10
(7, 4, 5) : 8
(7, 4, 6) : 271
(7, 4, 8) : 4
(7, 4, 9) : 5
(7, 4, 10) : 16
(7, 4, 11) : 60
(7, 4, 12) : 3
(7, 4, 13) : 4
(7, 4, 14) : 5
(7, 4, 15) : 15
(7, 4, 16) : 251
(7, 4, 17) : 5
(7, 4, 18) : 2
(7, 5) : 23
(7, 5, 0) : 12
(7, 5, 1) : 1
(7, 5, 3) : 5
(7, 5, 4) : 2
(7, 5, 6) : 27
(7, 5, 8) : 2
(7, 5, 9) : 1
(7, 5, 10) : 17
(7, 5, 11) : 5
(7, 5, 12) : 2
(7, 5, 13) : 3
(7, 5, 14) : 5
(7, 5, 16) : 49
(7, 5, 17) : 2
(7, 6) : 1711
(7, 6, 0) : 515
(7, 6, 1) : 10
(7, 6, 3) : 53
(7, 6, 4) : 256
(7, 6, 5) : 39
(7, 6, 8) : 9
(7, 6, 9) : 17
(7, 6, 10) : 84
(7, 6, 11) : 73
(7, 6, 12) : 9
(7, 6, 13) : 28
(7, 6, 14) : 7
(7, 6, 15) : 17
(7, 6, 16) : 1353
(7, 6, 17) : 15
(7, 6, 18) : 15
(7, 8) : 4
(7, 8, 0) : 2
(7, 8, 1) : 1
(7, 8, 6) : 3
(7, 8, 9) : 1
(7, 8, 10) : 3
(7, 8, 11) : 1
(7, 8, 12) : 1
(7, 8, 13) : 3
(7, 8, 14) : 1
(7, 8, 15) : 2
(7, 8, 16) : 4
(7, 8, 17) : 1
(7, 9) : 16
(7, 9, 0) : 4
(7, 9, 1) : 11
(7, 9, 3) : 1
(7, 9, 4) : 2
(7, 9, 5) : 3
(7, 9, 6) : 10
(7, 9, 10) : 1
(7, 9, 11) : 3
(7, 9, 12) : 3
(7, 9, 13) : 3
(7, 9, 14) : 1
(7, 9, 15) : 2
(7, 9, 16) : 7
(7, 9, 17) : 3
(7, 10) : 45
(7, 10, 0) : 6
(7, 10, 1) : 1
(7, 10, 3) : 4
(7, 10, 4) : 7
(7, 10, 5) : 21
(7, 10, 6) : 36
(7, 10, 8) : 4
(7, 10, 9) : 1
(7, 10, 11) : 3
(7, 10, 12) : 1
(7, 10, 13) : 8
(7, 10, 14) : 2
(7, 10, 15) : 15
(7, 10, 16) : 39
(7, 10, 17) : 3
(7, 10, 18) : 1
(7, 11) : 18
(7, 11, 0) : 15
(7, 11, 1) : 1
(7, 11, 3) : 14
(7, 11, 4) : 55
(7, 11, 5) : 3
(7, 11, 6) : 51
(7, 11, 8) : 2
(7, 11, 10) : 4
(7, 11, 12) : 1
(7, 11, 13) : 1
(7, 11, 14) : 4
(7, 11, 15) : 4
(7, 11, 16) : 40
(7, 11, 17) : 1
(7, 11, 18) : 1
(7, 12) : 4
(7, 12, 0) : 1
(7, 12, 1) : 1
(7, 12, 4) : 3
(7, 12, 6) : 9
(7, 12, 8) : 3
(7, 12, 9) : 2
(7, 12, 10) : 1
(7, 12, 11) : 1
(7, 12, 13) : 4
(7, 12, 15) : 1
(7, 12, 16) : 4
(7, 13) : 7
(7, 13, 0) : 1
(7, 13, 1) : 2
(7, 13, 3) : 1
(7, 13, 5) : 5
(7, 13, 6) : 13
(7, 13, 8) : 7
(7, 13, 9) : 1
(7, 13, 10) : 3
(7, 13, 11) : 2
(7, 13, 12) : 1
(7, 13, 14) : 2
(7, 13, 15) : 3
(7, 13, 16) : 13
(7, 13, 18) : 1
(7, 14) : 11
(7, 14, 0) : 7
(7, 14, 3) : 1
(7, 14, 4) : 2
(7, 14, 5) : 2
(7, 14, 6) : 6
(7, 14, 8) : 2
(7, 14, 10) : 4
(7, 14, 11) : 1
(7, 14, 15) : 3
(7, 14, 16) : 15
(7, 14, 17) : 1
(7, 15) : 36
(7, 15, 0) : 16
(7, 15, 1) : 1
(7, 15, 4) : 10
(7, 15, 5) : 6
(7, 15, 6) : 17
(7, 15, 8) : 2
(7, 15, 9) : 1
(7, 15, 10) : 16
(7, 15, 11) : 6
(7, 15, 12) : 1
(7, 15, 13) : 5
(7, 15, 14) : 3
(7, 15, 16) : 62
(7, 15, 17) : 1
(7, 15, 18) : 3
(7, 16) : 7749
(7, 16, 0) : 2995
(7, 16, 1) : 15
(7, 16, 2) : 1
(7, 16, 3) : 191
(7, 16, 4) : 664
(7, 16, 5) : 466
(7, 16, 6) : 2511
(7, 16, 8) : 40
(7, 16, 9) : 28
(7, 16, 10) : 533
(7, 16, 11) : 172
(7, 16, 12) : 33
(7, 16, 13) : 99
(7, 16, 14) : 86
(7, 16, 15) : 574
(7, 16, 17) : 68
(7, 16, 18) : 146
(7, 17) : 6
(7, 17, 0) : 5
(7, 17, 1) : 1
(7, 17, 3) : 4
(7, 17, 4) : 4
(7, 17, 5) : 4
(7, 17, 6) : 4
(7, 17, 10) : 4
(7, 17, 11) : 2
(7, 17, 12) : 2
(7, 17, 13) : 4
(7, 17, 14) : 3
(7, 17, 15) : 1
(7, 17, 16) : 17
(7, 18) : 14
(7, 18, 6) : 2
(7, 18, 10) : 1
(7, 18, 12) : 1
(7, 18, 16) : 2
(8,) : 56
(8, 0, 3) : 1
(8, 0, 14) : 1
(8, 0, 16) : 2
(8, 1) : 5
(8, 1, 0) : 1
(8, 1, 3) : 1
(8, 1, 6) : 5
(8, 1, 7) : 1
(8, 1, 9) : 8
(8, 1, 12) : 3
(8, 1, 13) : 5
(8, 1, 17) : 1
(8, 3, 6) : 1
(8, 3, 15) : 1
(8, 3, 16) : 1
(8, 4) : 2
(8, 4, 6) : 4
(8, 4, 7) : 1
(8, 4, 11) : 2
(8, 4, 14) : 1
(8, 5, 6) : 1
(8, 5, 13) : 1
(8, 6) : 16
(8, 6, 1) : 1
(8, 6, 4) : 2
(8, 6, 10) : 1
(8, 6, 12) : 3
(8, 6, 15) : 1
(8, 7) : 3
(8, 7, 1) : 1
(8, 7, 3) : 1
(8, 7, 6) : 5
(8, 7, 9) : 1
(8, 7, 11) : 1
(8, 7, 13) : 1
(8, 7, 16) : 2
(8, 7, 17) : 1
(8, 9) : 2
(8, 9, 1) : 8
(8, 9, 6) : 3
(8, 9, 10) : 1
(8, 9, 12) : 2
(8, 9, 13) : 3
(8, 10) : 3
(8, 10, 0) : 1
(8, 10, 1) : 2
(8, 10, 5) : 1
(8, 10, 6) : 1
(8, 10, 7) : 1
(8, 10, 9) : 2
(8, 10, 11) : 1
(8, 10, 12) : 3
(8, 10, 13) : 4
(8, 10, 14) : 3
(8, 10, 15) : 3
(8, 10, 16) : 2
(8, 11) : 2
(8, 11, 4) : 1
(8, 11, 6) : 1
(8, 12) : 5
(8, 12, 0) : 1
(8, 12, 1) : 1
(8, 12, 4) : 1
(8, 12, 6) : 2
(8, 12, 7) : 1
(8, 12, 9) : 3
(8, 12, 10) : 5
(8, 12, 11) : 1
(8, 12, 13) : 3
(8, 12, 14) : 1
(8, 12, 15) : 5
(8, 13, 1) : 7
(8, 13, 6) : 1
(8, 13, 7) : 1
(8, 13, 10) : 3
(8, 13, 12) : 2
(8, 13, 15) : 1
(8, 13, 16) : 2
(8, 14, 4) : 1
(8, 14, 5) : 1
(8, 14, 9) : 1
(8, 14, 12) : 1
(8, 14, 13) : 1
(8, 15) : 1
(8, 15, 1) : 3
(8, 15, 4) : 1
(8, 15, 5) : 1
(8, 15, 6) : 2
(8, 15, 7) : 2
(8, 15, 10) : 5
(8, 15, 12) : 2
(8, 15, 14) : 1
(8, 15, 16) : 2
(8, 16) : 1
(8, 16, 5) : 1
(8, 16, 7) : 2
(8, 16, 10) : 2
(8, 16, 11) : 1
(8, 16, 13) : 2
(8, 16, 15) : 2
(8, 16, 18) : 1
(8, 17) : 2
(8, 18) : 2
(9,) : 1119
(9, 0) : 5
(9, 0, 1) : 6
(9, 0, 3) : 2
(9, 0, 4) : 3
(9, 0, 6) : 11
(9, 0, 7) : 1
(9, 0, 10) : 1
(9, 0, 12) : 1
(9, 0, 14) : 1
(9, 0, 16) : 1
(9, 0, 17) : 1
(9, 1) : 557
(9, 1, 0) : 16
(9, 1, 3) : 8
(9, 1, 4) : 21
(9, 1, 5) : 9
(9, 1, 6) : 307
(9, 1, 7) : 22
(9, 1, 8) : 117
(9, 1, 10) : 70
(9, 1, 11) : 7
(9, 1, 12) : 96
(9, 1, 13) : 263
(9, 1, 14) : 11
(9, 1, 15) : 56
(9, 1, 16) : 7
(9, 1, 17) : 44
(9, 1, 18) : 32
(9, 3) : 1
(9, 3, 4) : 2
(9, 3, 6) : 2
(9, 3, 7) : 3
(9, 3, 8) : 1
(9, 3, 10) : 1
(9, 3, 11) : 1
(9, 3, 12) : 1
(9, 3, 17) : 1
(9, 4) : 24
(9, 4, 0) : 12
(9, 4, 1) : 15
(9, 4, 6) : 61
(9, 4, 7) : 4
(9, 4, 8) : 1
(9, 4, 11) : 9
(9, 4, 12) : 7
(9, 4, 13) : 7
(9, 4, 14) : 1
(9, 4, 16) : 1
(9, 4, 17) : 1
(9, 4, 18) : 1
(9, 5) : 1
(9, 5, 1) : 3
(9, 5, 10) : 1
(9, 5, 13) : 1
(9, 5, 15) : 2
(9, 6) : 396
(9, 6, 0) : 15
(9, 6, 1) : 122
(9, 6, 3) : 1
(9, 6, 4) : 26
(9, 6, 5) : 5
(9, 6, 7) : 9
(9, 6, 8) : 15
(9, 6, 10) : 13
(9, 6, 11) : 11
(9, 6, 12) : 35
(9, 6, 13) : 54
(9, 6, 14) : 2
(9, 6, 15) : 10
(9, 6, 16) : 2
(9, 6, 17) : 3
(9, 6, 18) : 8
(9, 7) : 8
(9, 7, 0) : 2
(9, 7, 1) : 5
(9, 7, 3) : 1
(9, 7, 4) : 3
(9, 7, 5) : 1
(9, 7, 6) : 6
(9, 7, 8) : 1
(9, 7, 10) : 2
(9, 7, 11) : 4
(9, 7, 12) : 2
(9, 7, 13) : 1
(9, 7, 15) : 3
(9, 7, 16) : 8
(9, 7, 17) : 1
(9, 8) : 4
(9, 8, 1) : 16
(9, 8, 3) : 1
(9, 8, 4) : 1
(9, 8, 5) : 1
(9, 8, 6) : 9
(9, 8, 7) : 1
(9, 8, 10) : 3
(9, 8, 12) : 5
(9, 8, 13) : 5
(9, 8, 15) : 2
(9, 8, 17) : 1
(9, 10) : 3
(9, 10, 1) : 15
(9, 10, 4) : 1
(9, 10, 5) : 1
(9, 10, 6) : 8
(9, 10, 7) : 1
(9, 10, 8) : 4
(9, 10, 12) : 1
(9, 10, 13) : 6
(9, 10, 14) : 1
(9, 10, 15) : 4
(9, 10, 17) : 1
(9, 11) : 8
(9, 11, 0) : 1
(9, 11, 1) : 8
(9, 11, 4) : 9
(9, 11, 6) : 14
(9, 11, 10) : 1
(9, 11, 12) : 6
(9, 11, 13) : 5
(9, 11, 18) : 1
(9, 12) : 58
(9, 12, 0) : 4
(9, 12, 1) : 37
(9, 12, 3) : 3
(9, 12, 4) : 23
(9, 12, 6) : 51
(9, 12, 7) : 3
(9, 12, 8) : 15
(9, 12, 10) : 5
(9, 12, 11) : 9
(9, 12, 13) : 29
(9, 12, 15) : 8
(9, 12, 16) : 1
(9, 12, 17) : 2
(9, 12, 18) : 4
(9, 13) : 82
(9, 13, 0) : 2
(9, 13, 1) : 97
(9, 13, 3) : 3
(9, 13, 4) : 12
(9, 13, 6) : 77
(9, 13, 7) : 1
(9, 13, 8) : 17
(9, 13, 10) : 12
(9, 13, 11) : 2
(9, 13, 12) : 25
(9, 13, 15) : 12
(9, 13, 16) : 1
(9, 13, 17) : 2
(9, 13, 18) : 8
(9, 14) : 1
(9, 14, 1) : 1
(9, 14, 5) : 2
(9, 14, 6) : 2
(9, 14, 12) : 2
(9, 14, 15) : 1
(9, 15) : 8
(9, 15, 0) : 2
(9, 15, 1) : 11
(9, 15, 4) : 1
(9, 15, 5) : 1
(9, 15, 6) : 4
(9, 15, 8) : 3
(9, 15, 10) : 7
(9, 15, 12) : 2
(9, 15, 13) : 3
(9, 15, 16) : 2
(9, 15, 17) : 2
(9, 16) : 10
(9, 16, 0) : 2
(9, 16, 1) : 1
(9, 16, 3) : 1
(9, 16, 6) : 1
(9, 16, 7) : 4
(9, 16, 12) : 1
(9, 16, 13) : 1
(9, 16, 14) : 1
(9, 16, 17) : 1
(9, 17) : 6
(9, 17, 0) : 1
(9, 17, 1) : 8
(9, 17, 4) : 1
(9, 17, 5) : 1
(9, 17, 6) : 2
(9, 17, 8) : 2
(9, 17, 11) : 2
(9, 17, 12) : 2
(9, 17, 13) : 1
(9, 17, 14) : 2
(9, 17, 15) : 1
(9, 17, 16) : 2
(9, 18) : 22
(9, 18, 13) : 1
(10,) : 173
(10, 0) : 2
(10, 0, 3) : 2
(10, 0, 4) : 2
(10, 0, 6) : 9
(10, 0, 7) : 6
(10, 0, 12) : 1
(10, 0, 14) : 2
(10, 0, 15) : 2
(10, 0, 16) : 10
(10, 0, 17) : 2
(10, 0, 18) : 1
(10, 1) : 8
(10, 1, 4) : 2
(10, 1, 6) : 1
(10, 1, 7) : 1
(10, 1, 8) : 2
(10, 1, 9) : 16
(10, 1, 13) : 2
(10, 1, 14) : 1
(10, 1, 15) : 2
(10, 1, 16) : 1
(10, 3) : 5
(10, 3, 0) : 1
(10, 3, 4) : 1
(10, 3, 6) : 4
(10, 3, 11) : 2
(10, 3, 12) : 1
(10, 3, 13) : 2
(10, 3, 14) : 2
(10, 3, 16) : 3
(10, 4) : 7
(10, 4, 0) : 1
(10, 4, 1) : 1
(10, 4, 3) : 1
(10, 4, 5) : 2
(10, 4, 6) : 3
(10, 4, 7) : 8
(10, 4, 11) : 10
(10, 4, 12) : 1
(10, 4, 13) : 2
(10, 4, 14) : 1
(10, 4, 15) : 1
(10, 4, 16) : 2
(10, 5) : 13
(10, 5, 0) : 5
(10, 5, 3) : 1
(10, 5, 4) : 1
(10, 5, 6) : 11
(10, 5, 7) : 9
(10, 5, 8) : 4
(10, 5, 11) : 3
(10, 5, 12) : 1
(10, 5, 13) : 7
(10, 5, 14) : 13
(10, 5, 15) : 7
(10, 5, 16) : 16
(10, 5, 17) : 3
(10, 5, 18) : 3
(10, 6) : 52
(10, 6, 0) : 7
(10, 6, 1) : 3
(10, 6, 3) : 12
(10, 6, 4) : 4
(10, 6, 5) : 10
(10, 6, 7) : 24
(10, 6, 8) : 2
(10, 6, 9) : 4
(10, 6, 11) : 6
(10, 6, 12) : 4
(10, 6, 13) : 5
(10, 6, 14) : 1
(10, 6, 15) : 8
(10, 6, 16) : 18
(10, 6, 17) : 2
(10, 6, 18) : 1
(10, 7) : 21
(10, 7, 0) : 10
(10, 7, 1) : 1
(10, 7, 3) : 3
(10, 7, 4) : 6
(10, 7, 5) : 4
(10, 7, 6) : 29
(10, 7, 8) : 1
(10, 7, 11) : 3
(10, 7, 12) : 1
(10, 7, 13) : 4
(10, 7, 14) : 3
(10, 7, 15) : 5
(10, 7, 16) : 54
(10, 7, 17) : 3
(10, 8, 0) : 1
(10, 8, 1) : 3
(10, 8, 4) : 1
(10, 8, 5) : 4
(10, 8, 6) : 5
(10, 8, 7) : 3
(10, 8, 11) : 1
(10, 8, 12) : 2
(10, 8, 13) : 3
(10, 8, 15) : 9
(10, 8, 16) : 1
(10, 8, 17) : 2
(10, 8, 18) : 1
(10, 9) : 3
(10, 9, 1) : 12
(10, 9, 3) : 1
(10, 9, 6) : 4
(10, 9, 8) : 2
(10, 9, 11) : 1
(10, 9, 13) : 3
(10, 9, 14) : 1
(10, 9, 15) : 2
(10, 9, 16) : 1
(10, 9, 17) : 1
(10, 11) : 3
(10, 11, 0) : 1
(10, 11, 3) : 1
(10, 11, 4) : 7
(10, 11, 5) : 1
(10, 11, 6) : 2
(10, 11, 7) : 3
(10, 11, 9) : 1
(10, 11, 13) : 1
(10, 11, 15) : 2
(10, 12) : 3
(10, 12, 3) : 1
(10, 12, 5) : 1
(10, 12, 6) : 1
(10, 12, 7) : 1
(10, 12, 8) : 4
(10, 12, 13) : 1
(10, 12, 15) : 2
(10, 12, 17) : 1
(10, 13) : 7
(10, 13, 1) : 5
(10, 13, 5) : 7
(10, 13, 6) : 13
(10, 13, 7) : 4
(10, 13, 8) : 16
(10, 13, 9) : 2
(10, 13, 11) : 1
(10, 13, 12) : 6
(10, 13, 14) : 1
(10, 13, 15) : 2
(10, 13, 16) : 4
(10, 13, 17) : 1
(10, 14) : 1
(10, 14, 0) : 2
(10, 14, 6) : 5
(10, 14, 7) : 3
(10, 14, 11) : 1
(10, 14, 15) : 4
(10, 14, 16) : 4
(10, 14, 17) : 1
(10, 15) : 11
(10, 15, 0) : 4
(10, 15, 1) : 5
(10, 15, 3) : 1
(10, 15, 4) : 2
(10, 15, 5) : 6
(10, 15, 6) : 12
(10, 15, 7) : 15
(10, 15, 8) : 12
(10, 15, 9) : 6
(10, 15, 11) : 3
(10, 15, 12) : 3
(10, 15, 13) : 7
(10, 15, 14) : 8
(10, 15, 16) : 9
(10, 15, 17) : 2
(10, 15, 18) : 2
(10, 16) : 12
(10, 16, 0) : 24
(10, 16, 3) : 5
(10, 16, 4) : 4
(10, 16, 5) : 11
(10, 16, 6) : 20
(10, 16, 7) : 46
(10, 16, 8) : 1
(10, 16, 11) : 4
(10, 16, 12) : 1
(10, 16, 13) : 7
(10, 16, 14) : 3
(10, 16, 15) : 2
(10, 16, 17) : 6
(10, 17) : 1
(10, 17, 0) : 2
(10, 17, 4) : 1
(10, 17, 5) : 2
(10, 17, 6) : 2
(10, 17, 7) : 2
(10, 17, 9) : 1
(10, 17, 14) : 2
(10, 17, 15) : 1
(10, 17, 16) : 4
(10, 18) : 3
(10, 18, 6) : 2
(10, 18, 7) : 1
(11,) : 124
(11, 0) : 2
(11, 0, 3) : 3
(11, 0, 4) : 7
(11, 0, 5) : 1
(11, 0, 6) : 13
(11, 0, 7) : 4
(11, 0, 12) : 2
(11, 0, 13) : 2
(11, 0, 16) : 6
(11, 0, 17) : 1
(11, 1) : 7
(11, 1, 4) : 4
(11, 1, 5) : 1
(11, 1, 6) : 15
(11, 1, 7) : 1
(11, 1, 8) : 2
(11, 1, 9) : 11
(11, 1, 12) : 2
(11, 1, 13) : 2
(11, 1, 18) : 1
(11, 3) : 4
(11, 3, 0) : 3
(11, 3, 1) : 1
(11, 3, 4) : 9
(11, 3, 6) : 4
(11, 3, 7) : 3
(11, 3, 16) : 2
(11, 4) : 41
(11, 4, 0) : 16
(11, 4, 1) : 13
(11, 4, 3) : 8
(11, 4, 5) : 2
(11, 4, 6) : 110
(11, 4, 7) : 36
(11, 4, 8) : 1
(11, 4, 9) : 8
(11, 4, 10) : 7
(11, 4, 12) : 18
(11, 4, 13) : 8
(11, 4, 14) : 1
(11, 4, 15) : 4
(11, 4, 16) : 10
(11, 4, 17) : 1
(11, 4, 18) : 1
(11, 5) : 1
(11, 5, 6) : 1
(11, 5, 7) : 1
(11, 6) : 90
(11, 6, 0) : 17
(11, 6, 1) : 19
(11, 6, 3) : 5
(11, 6, 4) : 62
(11, 6, 5) : 1
(11, 6, 7) : 21
(11, 6, 9) : 16
(11, 6, 10) : 7
(11, 6, 12) : 17
(11, 6, 13) : 14
(11, 6, 15) : 1
(11, 6, 16) : 13
(11, 7) : 10
(11, 7, 0) : 10
(11, 7, 1) : 1
(11, 7, 3) : 6
(11, 7, 4) : 13
(11, 7, 5) : 1
(11, 7, 6) : 29
(11, 7, 8) : 2
(11, 7, 9) : 1
(11, 7, 10) : 5
(11, 7, 12) : 1
(11, 7, 13) : 5
(11, 7, 14) : 2
(11, 7, 15) : 1
(11, 7, 16) : 21
(11, 7, 17) : 3
(11, 8, 10) : 1
(11, 8, 12) : 1
(11, 8, 17) : 1
(11, 9) : 9
(11, 9, 0) : 2
(11, 9, 1) : 5
(11, 9, 4) : 1
(11, 9, 6) : 16
(11, 9, 7) : 1
(11, 9, 8) : 1
(11, 9, 12) : 4
(11, 9, 13) : 4
(11, 9, 16) : 1
(11, 10) : 6
(11, 10, 0) : 1
(11, 10, 1) : 1
(11, 10, 4) : 1
(11, 10, 6) : 2
(11, 10, 7) : 4
(11, 10, 13) : 2
(11, 10, 14) : 1
(11, 10, 16) : 2
(11, 12) : 10
(11, 12, 0) : 4
(11, 12, 4) : 14
(11, 12, 6) : 26
(11, 12, 7) : 3
(11, 12, 8) : 1
(11, 12, 9) : 7
(11, 12, 17) : 1
(11, 13) : 8
(11, 13, 0) : 1
(11, 13, 1) : 8
(11, 13, 4) : 3
(11, 13, 6) : 8
(11, 13, 7) : 4
(11, 13, 8) : 1
(11, 13, 9) : 1
(11, 13, 10) : 1
(11, 13, 12) : 5
(11, 13, 16) : 1
(11, 13, 17) : 1
(11, 13, 18) : 1
(11, 14) : 1
(11, 14, 3) : 1
(11, 14, 6) : 1
(11, 14, 7) : 1
(11, 15) : 2
(11, 15, 4) : 1
(11, 15, 6) : 1
(11, 15, 7) : 1
(11, 15, 9) : 1
(11, 15, 10) : 2
(11, 15, 12) : 1
(11, 16) : 6
(11, 16, 0) : 2
(11, 16, 3) : 1
(11, 16, 4) : 4
(11, 16, 5) : 1
(11, 16, 6) : 11
(11, 16, 7) : 10
(11, 17) : 3
(11, 17, 4) : 1
(11, 17, 6) : 3
(11, 17, 7) : 2
(11, 17, 9) : 1
(11, 17, 10) : 1
(11, 17, 13) : 1
(11, 17, 16) : 1
(11, 18) : 2
(12,) : 106
(12, 0) : 6
(12, 0, 3) : 1
(12, 0, 4) : 3
(12, 0, 6) : 3
(12, 0, 7) : 1
(12, 0, 9) : 1
(12, 0, 10) : 1
(12, 0, 13) : 1
(12, 0, 17) : 1
(12, 1) : 10
(12, 1, 6) : 5
(12, 1, 8) : 3
(12, 1, 9) : 17
(12, 1, 11) : 4
(12, 1, 13) : 7
(12, 3, 0) : 1
(12, 3, 6) : 1
(12, 3, 7) : 1
(12, 3, 8) : 2
(12, 3, 9) : 1
(12, 3, 11) : 1
(12, 3, 13) : 3
(12, 3, 15) : 1
(12, 3, 17) : 3
(12, 4) : 8
(12, 4, 0) : 1
(12, 4, 1) : 1
(12, 4, 3) : 3
(12, 4, 5) : 1
(12, 4, 6) : 8
(12, 4, 7) : 2
(12, 4, 9) : 5
(12, 4, 10) : 1
(12, 4, 11) : 11
(12, 4, 16) : 3
(12, 4, 18) : 1
(12, 5, 1) : 1
(12, 5, 7) : 1
(12, 5, 8) : 1
(12, 6) : 34
(12, 6, 0) : 6
(12, 6, 1) : 9
(12, 6, 3) : 4
(12, 6, 4) : 12
(12, 6, 7) : 12
(12, 6, 8) : 7
(12, 6, 9) : 8
(12, 6, 10) : 2
(12, 6, 13) : 6
(12, 6, 14) : 1
(12, 6, 15) : 1
(12, 6, 16) : 2
(12, 6, 18) : 3
(12, 7) : 1
(12, 7, 1) : 2
(12, 7, 6) : 6
(12, 7, 11) : 3
(12, 7, 13) : 3
(12, 7, 14) : 1
(12, 7, 16) : 1
(12, 8) : 3
(12, 8, 1) : 7
(12, 8, 4) : 3
(12, 8, 5) : 1
(12, 8, 6) : 3
(12, 8, 9) : 2
(12, 8, 10) : 3
(12, 8, 13) : 5
(12, 8, 15) : 2
(12, 8, 17) : 1
(12, 9) : 27
(12, 9, 1) : 26
(12, 9, 4) : 9
(12, 9, 6) : 24
(12, 9, 8) : 5
(12, 9, 10) : 4
(12, 9, 11) : 5
(12, 9, 13) : 10
(12, 9, 14) : 1
(12, 9, 15) : 1
(12, 9, 17) : 2
(12, 10) : 2
(12, 10, 6) : 3
(12, 10, 7) : 2
(12, 10, 8) : 2
(12, 10, 11) : 1
(12, 10, 13) : 3
(12, 10, 14) : 2
(12, 10, 15) : 1
(12, 11) : 4
(12, 11, 0) : 2
(12, 11, 1) : 1
(12, 11, 3) : 1
(12, 11, 4) : 6
(12, 11, 6) : 21
(12, 11, 7) : 1
(12, 11, 9) : 3
(12, 11, 13) : 2
(12, 11, 17) : 1
(12, 13) : 9
(12, 13, 0) : 1
(12, 13, 1) : 9
(12, 13, 6) : 2
(12, 13, 8) : 3
(12, 13, 9) : 6
(12, 13, 10) : 3
(12, 13, 11) : 6
(12, 13, 17) : 2
(12, 14) : 2
(12, 14, 5) : 1
(12, 14, 6) : 1
(12, 14, 8) : 1
(12, 14, 11) : 1
(12, 15) : 2
(12, 15, 0) : 1
(12, 15, 1) : 2
(12, 15, 3) : 1
(12, 15, 6) : 4
(12, 15, 9) : 1
(12, 15, 14) : 1
(12, 15, 17) : 1
(12, 16) : 5
(12, 16, 0) : 2
(12, 16, 5) : 2
(12, 16, 6) : 5
(12, 16, 7) : 2
(12, 16, 8) : 1
(12, 16, 9) : 1
(12, 16, 11) : 1
(12, 17) : 1
(12, 17, 9) : 1
(12, 18) : 3
(13,) : 174
(13, 0) : 3
(13, 0, 1) : 1
(13, 0, 4) : 3
(13, 0, 6) : 6
(13, 0, 7) : 9
(13, 0, 10) : 2
(13, 0, 11) : 1
(13, 0, 12) : 2
(13, 0, 15) : 1
(13, 0, 16) : 1
(13, 1) : 11
(13, 1, 4) : 7
(13, 1, 6) : 24
(13, 1, 7) : 8
(13, 1, 8) : 14
(13, 1, 9) : 90
(13, 1, 10) : 8
(13, 1, 11) : 8
(13, 1, 12) : 4
(13, 1, 14) : 2
(13, 1, 15) : 2
(13, 1, 18) : 2
(13, 3) : 1
(13, 3, 0) : 1
(13, 3, 4) : 1
(13, 3, 6) : 1
(13, 3, 8) : 1
(13, 3, 10) : 2
(13, 4) : 2
(13, 4, 0) : 4
(13, 4, 1) : 4
(13, 4, 5) : 1
(13, 4, 6) : 14
(13, 4, 7) : 4
(13, 4, 9) : 2
(13, 4, 10) : 2
(13, 4, 11) : 3
(13, 4, 14) : 1
(13, 4, 15) : 1
(13, 4, 16) : 1
(13, 5, 0) : 1
(13, 5, 1) : 1
(13, 5, 4) : 1
(13, 5, 6) : 1
(13, 5, 8) : 1
(13, 5, 10) : 4
(13, 5, 14) : 1
(13, 5, 16) : 2
(13, 6) : 66
(13, 6, 0) : 5
(13, 6, 1) : 14
(13, 6, 4) : 14
(13, 6, 5) : 1
(13, 6, 7) : 7
(13, 6, 8) : 6
(13, 6, 9) : 24
(13, 6, 10) : 12
(13, 6, 11) : 10
(13, 6, 12) : 4
(13, 6, 14) : 4
(13, 6, 16) : 7
(13, 6, 17) : 1
(13, 6, 18) : 3
(13, 7) : 3
(13, 7, 0) : 6
(13, 7, 1) : 1
(13, 7, 3) : 1
(13, 7, 4) : 1
(13, 7, 6) : 9
(13, 7, 8) : 1
(13, 7, 9) : 3
(13, 7, 11) : 1
(13, 7, 14) : 1
(13, 7, 16) : 15
(13, 7, 17) : 1
(13, 7, 18) : 1
(13, 8) : 9
(13, 8, 0) : 2
(13, 8, 1) : 14
(13, 8, 4) : 1
(13, 8, 5) : 2
(13, 8, 6) : 8
(13, 8, 7) : 1
(13, 8, 9) : 5
(13, 8, 10) : 11
(13, 8, 12) : 6
(13, 8, 14) : 2
(13, 8, 15) : 8
(13, 8, 16) : 1
(13, 8, 18) : 2
(13, 9) : 13
(13, 9, 1) : 66
(13, 9, 3) : 1
(13, 9, 4) : 2
(13, 9, 5) : 1
(13, 9, 6) : 26
(13, 9, 7) : 1
(13, 9, 8) : 8
(13, 9, 10) : 11
(13, 9, 11) : 2
(13, 9, 12) : 19
(13, 9, 15) : 2
(13, 9, 18) : 3
(13, 10) : 23
(13, 10, 1) : 6
(13, 10, 3) : 1
(13, 10, 4) : 1
(13, 10, 5) : 3
(13, 10, 6) : 10
(13, 10, 7) : 1
(13, 10, 8) : 12
(13, 10, 9) : 6
(13, 10, 12) : 6
(13, 10, 14) : 1
(13, 10, 15) : 4
(13, 10, 16) : 4
(13, 11) : 4
(13, 11, 0) : 1
(13, 11, 1) : 3
(13, 11, 4) : 5
(13, 11, 6) : 14
(13, 11, 7) : 5
(13, 11, 9) : 5
(13, 11, 10) : 1
(13, 11, 12) : 2
(13, 11, 15) : 2
(13, 11, 18) : 1
(13, 12) : 5
(13, 12, 0) : 3
(13, 12, 1) : 9
(13, 12, 3) : 1
(13, 12, 4) : 2
(13, 12, 6) : 9
(13, 12, 7) : 1
(13, 12, 8) : 8
(13, 12, 9) : 14
(13, 12, 10) : 8
(13, 12, 11) : 4
(13, 12, 15) : 4
(13, 12, 16) : 2
(13, 14) : 1
(13, 14, 1) : 1
(13, 14, 7) : 1
(13, 14, 8) : 1
(13, 14, 9) : 1
(13, 14, 15) : 3
(13, 14, 16) : 2
(13, 14, 17) : 1
(13, 15) : 2
(13, 15, 1) : 2
(13, 15, 4) : 3
(13, 15, 6) : 1
(13, 15, 8) : 2
(13, 15, 9) : 3
(13, 15, 10) : 4
(13, 15, 12) : 2
(13, 15, 14) : 2
(13, 15, 16) : 1
(13, 15, 17) : 1
(13, 15, 18) : 2
(13, 16) : 3
(13, 16, 0) : 6
(13, 16, 1) : 1
(13, 16, 4) : 2
(13, 16, 6) : 6
(13, 16, 7) : 11
(13, 16, 8) : 2
(13, 16, 10) : 3
(13, 16, 11) : 2
(13, 17) : 3
(13, 17, 1) : 2
(13, 17, 6) : 1
(13, 17, 7) : 3
(13, 17, 8) : 1
(13, 17, 9) : 1
(13, 17, 10) : 3
(13, 17, 18) : 1
(13, 18) : 10
(13, 18, 6) : 1
(14,) : 47
(14, 0) : 5
(14, 0, 4) : 1
(14, 0, 6) : 1
(14, 0, 7) : 2
(14, 0, 10) : 1
(14, 0, 12) : 1
(14, 0, 13) : 1
(14, 0, 15) : 1
(14, 0, 17) : 1
(14, 1) : 1
(14, 1, 6) : 1
(14, 1, 7) : 1
(14, 1, 8) : 1
(14, 1, 9) : 2
(14, 3) : 2
(14, 3, 5) : 1
(14, 3, 16) : 1
(14, 4, 0) : 1
(14, 4, 6) : 3
(14, 4, 7) : 4
(14, 5) : 2
(14, 5, 0) : 2
(14, 5, 6) : 1
(14, 5, 7) : 2
(14, 5, 8) : 1
(14, 5, 10) : 4
(14, 5, 15) : 1
(14, 5, 16) : 4
(14, 6) : 4
(14, 6, 0) : 1
(14, 6, 4) : 2
(14, 6, 7) : 2
(14, 6, 9) : 1
(14, 6, 10) : 1
(14, 6, 12) : 1
(14, 6, 15) : 1
(14, 6, 16) : 1
(14, 7) : 2
(14, 7, 0) : 2
(14, 7, 3) : 1
(14, 7, 4) : 1
(14, 7, 5) : 3
(14, 7, 6) : 2
(14, 7, 9) : 2
(14, 7, 12) : 1
(14, 7, 13) : 1
(14, 7, 16) : 6
(14, 7, 17) : 1
(14, 8) : 2
(14, 8, 6) : 1
(14, 8, 7) : 1
(14, 8, 10) : 1
(14, 8, 15) : 1
(14, 9) : 1
(14, 9, 0) : 1
(14, 9, 1) : 1
(14, 9, 3) : 1
(14, 9, 6) : 2
(14, 9, 17) : 1
(14, 10) : 2
(14, 10, 0) : 1
(14, 10, 4) : 2
(14, 10, 8) : 1
(14, 10, 13) : 1
(14, 10, 15) : 1
(14, 10, 16) : 3
(14, 11, 0) : 1
(14, 11, 4) : 2
(14, 11, 5) : 1
(14, 11, 10) : 1
(14, 11, 12) : 1
(14, 12) : 1
(14, 12, 4) : 1
(14, 12, 7) : 2
(14, 12, 8) : 2
(14, 12, 15) : 1
(14, 12, 17) : 1
(14, 13, 0) : 2
(14, 13, 5) : 1
(14, 13, 8) : 1
(14, 13, 16) : 1
(14, 15) : 1
(14, 15, 0) : 2
(14, 15, 3) : 1
(14, 15, 5) : 1
(14, 15, 6) : 2
(14, 15, 7) : 1
(14, 15, 10) : 6
(14, 15, 13) : 3
(14, 15, 16) : 4
(14, 16) : 9
(14, 16, 0) : 7
(14, 16, 5) : 4
(14, 16, 6) : 3
(14, 16, 7) : 10
(14, 16, 8) : 1
(14, 16, 10) : 2
(14, 16, 15) : 2
(14, 16, 17) : 2
(14, 17, 0) : 1
(14, 17, 5) : 1
(14, 17, 6) : 1
(14, 17, 10) : 1
(14, 17, 15) : 1
(14, 17, 16) : 2
(15,) : 95
(15, 0) : 8
(15, 0, 1) : 1
(15, 0, 4) : 1
(15, 0, 5) : 1
(15, 0, 6) : 7
(15, 0, 7) : 11
(15, 0, 10) : 1
(15, 0, 13) : 1
(15, 0, 14) : 4
(15, 0, 16) : 12
(15, 1) : 1
(15, 1, 5) : 1
(15, 1, 8) : 1
(15, 1, 9) : 5
(15, 1, 14) : 1
(15, 1, 17) : 1
(15, 3, 6) : 2
(15, 3, 11) : 3
(15, 3, 13) : 1
(15, 3, 14) : 1
(15, 3, 16) : 2
(15, 3, 17) : 1
(15, 4) : 3
(15, 4, 0) : 2
(15, 4, 1) : 1
(15, 4, 6) : 5
(15, 4, 7) : 1
(15, 4, 13) : 1
(15, 4, 16) : 1
(15, 5) : 4
(15, 5, 0) : 3
(15, 5, 3) : 2
(15, 5, 8) : 2
(15, 5, 9) : 1
(15, 5, 10) : 6
(15, 5, 12) : 2
(15, 5, 16) : 2
(15, 6) : 26
(15, 6, 0) : 5
(15, 6, 1) : 3
(15, 6, 4) : 7
(15, 6, 5) : 1
(15, 6, 7) : 5
(15, 6, 8) : 2
(15, 6, 9) : 7
(15, 6, 10) : 6
(15, 6, 11) : 3
(15, 6, 12) : 3
(15, 6, 16) : 13
(15, 7) : 6
(15, 7, 0) : 4
(15, 7, 1) : 1
(15, 7, 3) : 1
(15, 7, 4) : 1
(15, 7, 5) : 1
(15, 7, 6) : 6
(15, 7, 8) : 4
(15, 7, 9) : 2
(15, 7, 10) : 5
(15, 7, 12) : 1
(15, 7, 14) : 5
(15, 7, 16) : 36
(15, 8) : 2
(15, 8, 0) : 1
(15, 8, 1) : 1
(15, 8, 6) : 1
(15, 8, 9) : 1
(15, 8, 10) : 2
(15, 8, 12) : 3
(15, 8, 13) : 2
(15, 9) : 4
(15, 9, 0) : 1
(15, 9, 1) : 1
(15, 9, 3) : 1
(15, 9, 6) : 4
(15, 9, 7) : 1
(15, 9, 8) : 1
(15, 9, 10) : 1
(15, 9, 12) : 1
(15, 9, 13) : 1
(15, 10) : 6
(15, 10, 0) : 7
(15, 10, 3) : 2
(15, 10, 5) : 3
(15, 10, 6) : 6
(15, 10, 7) : 4
(15, 10, 8) : 7
(15, 10, 9) : 2
(15, 10, 11) : 1
(15, 10, 12) : 1
(15, 10, 13) : 2
(15, 10, 14) : 7
(15, 10, 16) : 12
(15, 10, 18) : 1
(15, 11) : 2
(15, 11, 0) : 1
(15, 11, 4) : 2
(15, 11, 6) : 1
(15, 11, 7) : 3
(15, 11, 9) : 1
(15, 11, 16) : 1
(15, 12) : 1
(15, 12, 6) : 1
(15, 12, 7) : 1
(15, 12, 8) : 1
(15, 12, 9) : 1
(15, 12, 10) : 1
(15, 12, 11) : 1
(15, 12, 14) : 2
(15, 13, 1) : 1
(15, 13, 5) : 1
(15, 13, 6) : 2
(15, 13, 7) : 1
(15, 13, 8) : 1
(15, 13, 9) : 1
(15, 13, 10) : 1
(15, 13, 12) : 1
(15, 13, 14) : 4
(15, 13, 16) : 1
(15, 14) : 3
(15, 14, 0) : 5
(15, 14, 3) : 1
(15, 14, 4) : 3
(15, 14, 5) : 4
(15, 14, 6) : 2
(15, 14, 7) : 4
(15, 14, 8) : 1
(15, 14, 10) : 3
(15, 14, 11) : 1
(15, 14, 12) : 3
(15, 14, 16) : 5
(15, 14, 17) : 1
(15, 16) : 19
(15, 16, 0) : 20
(15, 16, 1) : 1
(15, 16, 3) : 5
(15, 16, 4) : 4
(15, 16, 5) : 2
(15, 16, 6) : 7
(15, 16, 7) : 79
(15, 16, 8) : 2
(15, 16, 10) : 9
(15, 16, 11) : 4
(15, 16, 13) : 2
(15, 16, 14) : 9
(15, 16, 17) : 2
(15, 16, 18) : 2
(15, 17) : 1
(15, 17, 7) : 1
(15, 17, 8) : 1
(15, 17, 9) : 1
(15, 17, 10) : 1
(15, 17, 12) : 2
(15, 17, 16) : 1
(16,) : 1422
(16, 0) : 265
(16, 0, 1) : 2
(16, 0, 3) : 120
(16, 0, 4) : 62
(16, 0, 5) : 135
(16, 0, 6) : 238
(16, 0, 7) : 672
(16, 0, 8) : 6
(16, 0, 9) : 5
(16, 0, 10) : 128
(16, 0, 11) : 22
(16, 0, 12) : 9
(16, 0, 13) : 20
(16, 0, 14) : 16
(16, 0, 15) : 64
(16, 0, 17) : 14
(16, 0, 18) : 4
(16, 1) : 4
(16, 1, 0) : 1
(16, 1, 4) : 2
(16, 1, 6) : 1
(16, 1, 7) : 1
(16, 1, 9) : 1
(16, 1, 10) : 1
(16, 1, 17) : 1
(16, 3) : 11
(16, 3, 0) : 22
(16, 3, 4) : 20
(16, 3, 5) : 5
(16, 3, 6) : 36
(16, 3, 7) : 24
(16, 3, 9) : 1
(16, 3, 10) : 11
(16, 3, 11) : 9
(16, 3, 13) : 2
(16, 3, 15) : 4
(16, 3, 17) : 6
(16, 4) : 31
(16, 4, 0) : 25
(16, 4, 3) : 5
(16, 4, 5) : 4
(16, 4, 6) : 42
(16, 4, 7) : 47
(16, 4, 9) : 1
(16, 4, 10) : 9
(16, 4, 11) : 12
(16, 4, 13) : 3
(16, 4, 14) : 2
(16, 4, 15) : 9
(16, 5) : 86
(16, 5, 0) : 84
(16, 5, 3) : 10
(16, 5, 4) : 10
(16, 5, 6) : 53
(16, 5, 7) : 156
(16, 5, 8) : 8
(16, 5, 9) : 1
(16, 5, 10) : 87
(16, 5, 11) : 2
(16, 5, 13) : 10
(16, 5, 14) : 22
(16, 5, 15) : 20
(16, 5, 17) : 6
(16, 5, 18) : 8
(16, 6) : 322
(16, 6, 0) : 149
(16, 6, 1) : 1
(16, 6, 3) : 36
(16, 6, 4) : 35
(16, 6, 5) : 21
(16, 6, 7) : 411
(16, 6, 8) : 2
(16, 6, 9) : 1
(16, 6, 10) : 34
(16, 6, 11) : 20
(16, 6, 12) : 4
(16, 6, 13) : 11
(16, 6, 14) : 5
(16, 6, 15) : 15
(16, 6, 17) : 3
(16, 6, 18) : 7
(16, 7) : 11994
(16, 7, 0) : 4330
(16, 7, 1) : 18
(16, 7, 2) : 4
(16, 7, 3) : 199
(16, 7, 4) : 429
(16, 7, 5) : 1320
(16, 7, 6) : 1579
(16, 7, 8) : 69
(16, 7, 9) : 36
(16, 7, 10) : 1125
(16, 7, 11) : 200
(16, 7, 12) : 20
(16, 7, 13) : 133
(16, 7, 14) : 220
(16, 7, 15) : 1749
(16, 7, 17) : 78
(16, 7, 18) : 270
(16, 8) : 4
(16, 8, 3) : 2
(16, 8, 4) : 2
(16, 8, 6) : 2
(16, 8, 7) : 5
(16, 8, 10) : 5
(16, 8, 11) : 1
(16, 8, 12) : 1
(16, 8, 13) : 1
(16, 8, 15) : 5
(16, 8, 18) : 1
(16, 9) : 5
(16, 9, 0) : 2
(16, 9, 1) : 3
(16, 9, 3) : 1
(16, 9, 4) : 2
(16, 9, 6) : 2
(16, 9, 7) : 5
(16, 9, 10) : 1
(16, 9, 11) : 1
(16, 9, 12) : 1
(16, 9, 14) : 1
(16, 9, 15) : 1
(16, 10) : 95
(16, 10, 0) : 50
(16, 10, 1) : 1
(16, 10, 3) : 6
(16, 10, 4) : 7
(16, 10, 5) : 38
(16, 10, 6) : 40
(16, 10, 7) : 124
(16, 10, 8) : 7
(16, 10, 9) : 4
(16, 10, 11) : 4
(16, 10, 12) : 2
(16, 10, 13) : 11
(16, 10, 14) : 13
(16, 10, 15) : 28
(16, 10, 17) : 8
(16, 10, 18) : 5
(16, 11) : 10
(16, 11, 0) : 8
(16, 11, 3) : 11
(16, 11, 4) : 11
(16, 11, 5) : 2
(16, 11, 6) : 10
(16, 11, 7) : 20
(16, 11, 10) : 11
(16, 11, 13) : 1
(16, 11, 14) : 4
(16, 11, 15) : 2
(16, 11, 18) : 2
(16, 12, 0) : 5
(16, 12, 3) : 3
(16, 12, 4) : 2
(16, 12, 5) : 1
(16, 12, 6) : 5
(16, 12, 7) : 5
(16, 12, 13) : 2
(16, 13) : 11
(16, 13, 0) : 4
(16, 13, 3) : 3
(16, 13, 4) : 3
(16, 13, 5) : 8
(16, 13, 6) : 5
(16, 13, 7) : 10
(16, 13, 8) : 13
(16, 13, 9) : 2
(16, 13, 10) : 7
(16, 13, 12) : 2
(16, 13, 14) : 4
(16, 13, 15) : 3
(16, 13, 18) : 1
(16, 14) : 11
(16, 14, 0) : 16
(16, 14, 4) : 1
(16, 14, 5) : 9
(16, 14, 6) : 8
(16, 14, 7) : 32
(16, 14, 10) : 12
(16, 14, 12) : 3
(16, 14, 13) : 1
(16, 14, 15) : 9
(16, 14, 17) : 4
(16, 14, 18) : 1
(16, 15) : 72
(16, 15, 0) : 57
(16, 15, 3) : 3
(16, 15, 4) : 5
(16, 15, 5) : 25
(16, 15, 6) : 18
(16, 15, 7) : 278
(16, 15, 8) : 4
(16, 15, 10) : 45
(16, 15, 12) : 1
(16, 15, 13) : 1
(16, 15, 14) : 21
(16, 15, 17) : 5
(16, 15, 18) : 1
(16, 17) : 7
(16, 17, 0) : 3
(16, 17, 1) : 1
(16, 17, 3) : 4
(16, 17, 4) : 1
(16, 17, 5) : 5
(16, 17, 6) : 3
(16, 17, 7) : 10
(16, 17, 10) : 2
(16, 17, 14) : 2
(16, 18) : 24
(16, 18, 0) : 2
(16, 18, 7) : 1
(16, 18, 10) : 1
(16, 18, 15) : 1
(17,) : 21
(17, 0) : 2
(17, 0, 1) : 1
(17, 0, 3) : 2
(17, 0, 5) : 1
(17, 0, 6) : 3
(17, 0, 7) : 5
(17, 0, 10) : 2
(17, 0, 11) : 1
(17, 0, 12) : 1
(17, 0, 13) : 1
(17, 0, 15) : 1
(17, 0, 16) : 2
(17, 1) : 1
(17, 1, 5) : 1
(17, 1, 6) : 1
(17, 1, 9) : 4
(17, 3) : 1
(17, 3, 6) : 2
(17, 3, 10) : 2
(17, 4) : 5
(17, 4, 0) : 1
(17, 4, 3) : 1
(17, 4, 6) : 1
(17, 4, 7) : 2
(17, 4, 9) : 1
(17, 4, 10) : 1
(17, 4, 11) : 1
(17, 4, 16) : 1
(17, 5, 0) : 1
(17, 5, 6) : 1
(17, 5, 15) : 1
(17, 5, 16) : 2
(17, 6) : 7
(17, 6, 0) : 1
(17, 6, 3) : 1
(17, 6, 4) : 2
(17, 6, 5) : 1
(17, 6, 7) : 2
(17, 6, 10) : 1
(17, 6, 11) : 1
(17, 6, 13) : 1
(17, 6, 14) : 1
(17, 6, 16) : 1
(17, 7) : 1
(17, 7, 0) : 2
(17, 7, 4) : 1
(17, 7, 5) : 2
(17, 7, 6) : 4
(17, 7, 9) : 1
(17, 7, 10) : 1
(17, 7, 11) : 1
(17, 7, 13) : 1
(17, 7, 15) : 1
(17, 7, 16) : 4
(17, 8, 7) : 1
(17, 8, 13) : 1
(17, 9) : 1
(17, 9, 1) : 4
(17, 9, 6) : 3
(17, 9, 12) : 1
(17, 9, 14) : 1
(17, 10) : 2
(17, 10, 0) : 1
(17, 10, 5) : 2
(17, 10, 6) : 2
(17, 10, 7) : 1
(17, 10, 16) : 2
(17, 11) : 1
(17, 11, 6) : 2
(17, 11, 7) : 1
(17, 11, 9) : 1
(17, 12) : 1
(17, 12, 7) : 1
(17, 13, 0) : 1
(17, 13, 1) : 2
(17, 13, 4) : 1
(17, 13, 6) : 3
(17, 13, 7) : 1
(17, 13, 8) : 1
(17, 13, 10) : 1
(17, 13, 14) : 1
(17, 14, 0) : 1
(17, 14, 3) : 2
(17, 14, 5) : 1
(17, 14, 7) : 1
(17, 14, 10) : 1
(17, 14, 16) : 1
(17, 15, 1) : 2
(17, 15, 10) : 1
(17, 15, 13) : 1
(17, 15, 16) : 1
(17, 16) : 3
(17, 16, 0) : 3
(17, 16, 3) : 1
(17, 16, 5) : 2
(17, 16, 6) : 1
(17, 16, 7) : 7
(17, 16, 10) : 2
(17, 16, 14) : 1
(18,) : 84
(18, 0, 4) : 1
(18, 0, 6) : 4
(18, 0, 8) : 1
(18, 0, 10) : 1
(18, 0, 15) : 1
(18, 1) : 2
(18, 1, 6) : 1
(18, 1, 9) : 1
(18, 4) : 2
(18, 4, 11) : 1
(18, 5) : 1
(18, 5, 14) : 1
(18, 6) : 10
(18, 6, 0) : 2
(18, 6, 7) : 1
(18, 6, 9) : 2
(18, 6, 10) : 1
(18, 6, 13) : 2
(18, 6, 16) : 1
(18, 7) : 2
(18, 7, 6) : 1
(18, 7, 16) : 1
(18, 8, 6) : 1
(18, 9) : 2
(18, 9, 1) : 1
(18, 9, 6) : 3
(18, 9, 10) : 1
(18, 9, 17) : 1
(18, 10) : 1
(18, 10, 0) : 1
(18, 10, 5) : 1
(18, 10, 13) : 1
(18, 10, 16) : 1
(18, 11, 6) : 1
(18, 13, 6) : 1
(18, 13, 7) : 1
(18, 14, 1) : 1
(18, 16, 7) : 1
